mac,time,_0,_1,_2,_3,_4,_5,_6,_7,_8,_9,_10,_11,_12,_13,_14,_15,_16,_17,_18,_19,_20,_21,_22,_23,_24,_25,_26,_27,_28,_29,_30,_31,_32,_33,_34,_35,_36,_37,_38,_39,_40,_41,_42,_43,_44,_45,_46,_47,_48,_49,_50,_51,_52,_53,_54,_55,_56,_57,_58,_59,_60,_61,_62,_63
38182b2eef40,1747748074.178234,0j,0j,0j,(-5120+5120j),(-63+630j),(340+543j),(583+256j),(639-54j),(569-317j),(397-516j),(168-638j),(-65-637j),(-291-604j),(-461-459j),(-596-299j),(-668-115j),(-694+92j),(-642+270j),(-547+429j),(-421+563j),(-263+646j),(-88+729j),(96+701j),(268+659j),(419+569j),(520+458j),(628+329j),(679+164j),(718+7j),(703-160j),(636-314j),(538-450j),0j,(300-630j),(150-701j),(-4-699j),(-159-700j),(-308-613j),(-455-560j),(-546-400j),(-639-269j),(-672-116j),(-697+50j),(-665+204j),(-574+366j),(-461+496j),(-303+583j),(-135+640j),(35+648j),(231+619j),(385+504j),(525+366j),(599+176j),(612-29j),(553-243j),(437-433j),(235-570j),(-19-593j),(-305-518j),(-533-263j),(10246+6144j),(-11088-32640j),(1152+0j),0j
38182b2eef40,1747748074.188368,0j,0j,0j,(-5120+5120j),(68+630j),(408+503j),(600+233j),(624-69j),(573-300j),(409-495j),(233-622j),(42-646j),(-176-659j),(-347-577j),(-471-475j),(-601-347j),(-665-196j),(-682-32j),(-692+118j),(-654+248j),(-590+386j),(-506+536j),(-384+597j),(-234+651j),(-107+694j),(17+695j),(169+697j),(281+647j),(418+594j),(508+507j),(574+406j),(655+270j),0j,(694+58j),(712-66j),(673-189j),(643-310j),(564-414j),(488-521j),(362-585j),(237-648j),(134-665j),(-11-702j),(-136-683j),(-281-619j),(-399-549j),(-496-429j),(-577-336j),(-629-182j),(-665-24j),(-630+131j),(-573+278j),(-464+416j),(-321+534j),(-142+589j),(57+612j),(259+557j),(447+399j),(566+162j),(575-133j),(10246+6144j),(-11088-32640j),(1152+0j),0j
38182b2eef40,1747748074.1999216,0j,0j,0j,(-5120+5120j),(5+639j),(396+516j),(613+190j),(617-158j),(464-449j),(216-626j),(-91-659j),(-331-573j),(-554-386j),(-647-146j),(-654+86j),(-595+304j),(-466+500j),(-275+635j),(-47+699j),(171+678j),(379+603j),(552+457j),(659+266j),(701+66j),(702-134j),(630-340j),(498-509j),(330-620j),(145-689j),(-60-702j),(-255-651j),(-434-544j),0j,(-664-260j),(-700-56j),(-687+138j),(-623+326j),(-505+484j),(-353+613j),(-155+649j),(49+689j),(235+642j),(415+553j),(575+396j),(645+194j),(672-9j),(634-218j),(517-392j),(373-547j),(171-626j),(-59-654j),(-286-574j),(-442-437j),(-606-198j),(-677-12j),(-587+354j),(-300+505j),(-86+553j),(231+545j),(496+313j),(10246+6144j),(-11088-32640j),(1152+0j),0j
38182b2eef40,1747748074.208269,0j,0j,0j,(-5120+5120j),(446+464j),(626+150j),(620-184j),(477-430j),(277-590j),(52-648j),(-175-629j),(-367-556j),(-514-424j),(-617-261j),(-665-93j),(-665+79j),(-650+240j),(-584+378j),(-483+506j),(-374+593j),(-244+657j),(-114+722j),(39+713j),(190+681j),(315+635j),(423+566j),(518+480j),(588+378j),(655+264j),(695+145j),(701+14j),(701-130j),0j,(624-335j),(551-433j),(468-525j),(377-594j),(253-658j),(125-706j),(-6-670j),(-139-672j),(-249-638j),(-379-599j),(-486-508j),(-578-369j),(-624-248j),(-645-121j),(-660+13j),(-635+161j),(-574+313j),(-479+439j),(-348+544j),(-175+594j),(3+612j),(178+589j),(353+497j),(502+354j),(592+116j),(582-144j),(428-402j),(10246+6144j),(-11088-32640j),(128+0j),0j
38182b2eef40,1747748074.219858,0j,0j,0j,(-5120+5120j),(121+642j),(443+473j),(621+186j),(633-116j),(533-354j),(376-518j),(185-624j),(-27-659j),(-237-623j),(-396-528j),(-518-409j),(-610-270j),(-678-132j),(-690+37j),(-670+190j),(-622+328j),(-531+462j),(-425+580j),(-290+644j),(-147+681j),(-22+719j),(115+691j),(251+665j),(358+597j),(466+525j),(559+443j),(626+325j),(675+212j),0j,(713-42j),(680-164j),(647-286j),(584-399j),(493-506j),(401-589j),(270-618j),(142-670j),(20-684j),(-112-686j),(-243-657j),(-372-566j),(-476-473j),(-560-365j),(-613-224j),(-660-73j),(-645+90j),(-597+244j),(-516+394j),(-376+502j),(-220+576j),(-30+607j),(160+580j),(354+507j),(514+314j),(603+50j),(530-245j),(10246+6144j),(-11088-32640j),(128+0j),0j
38182b2eef40,1747748074.2282028,0j,0j,0j,(-5120+5120j),(375-521j),(41-637j),(-288-573j),(-515-399j),(-626-164j),(-663+63j),(-592+267j),(-486+437j),(-345+572j),(-153+634j),(9+658j),(171+643j),(330+606j),(462+525j),(566+415j),(647+285j),(696+143j),(726-1j),(698-148j),(641-281j),(597-391j),(492-505j),(413-577j),(304-632j),(173-683j),(54-710j),(-68-715j),(-194-676j),0j,(-412-573j),(-494-493j),(-586-413j),(-634-288j),(-685-170j),(-715-62j),(-673+80j),(-665+195j),(-605+307j),(-539+424j),(-461+534j),(-315+591j),(-195+640j),(-65+664j),(82+649j),(224+638j),(352+542j),(483+441j),(566+311j),(603+133j),(617-28j),(566-214j),(459-384j),(311-530j),(78-591j),(-190-576j),(-420-400j),(10246+6144j),(-11088-32640j),(128+0j),0j
38182b2eef40,1747748074.238275,0j,0j,0j,(-5120+5120j),(-373+513j),(-17+633j),(358+542j),(572+315j),(648+47j),(614-218j),(481-434j),(310-580j),(94-663j),(-124-647j),(-320-577j),(-481-470j),(-610-328j),(-677-150j),(-701+27j),(-669+205j),(-599+377j),(-491+533j),(-340+618j),(-173+672j),(-19+705j),(147+693j),(308+635j),(435+544j),(553+439j),(634+314j),(690+152j),(697-20j),0j,(655-298j),(555-433j),(454-552j),(325-632j),(172-681j),(11-706j),(-157-651j),(-307-623j),(-429-530j),(-545-423j),(-642-273j),(-670-88j),(-668+80j),(-616+239j),(-538+379j),(-412+515j),(-242+597j),(-64+627j),(118+623j),(298+546j),(462+395j),(564+217j),(610-4j),(567-234j),(405-441j),(162-578j),(162-578j),(10246+6144j),(-11088-32640j),(128+0j),0j
38182b2eef40,1747748074.2498646,0j,0j,0j,(-5120+5120j),(-497-389j),(-637-37j),(-577+265j),(-450+480j),(-261+588j),(-52+662j),(141+642j),(309+586j),(441+504j),(542+376j),(604+250j),(654+125j),(695-7j),(680-131j),(666-238j),(619-356j),(540-453j),(448-563j),(348-608j),(257-644j),(181-686j),(84-724j),(-19-709j),(-128-683j),(-211-678j),(-306-631j),(-384-580j),(-452-521j),0j,(-593-397j),(-636-311j),(-672-238j),(-686-142j),(-689-39j),(-726+39j),(-674+145j),(-646+232j),(-610+326j),(-561+401j),(-501+501j),(-397+550j),(-302+606j),(-191+628j),(-71+659j),(44+667j),(169+624j),(285+573j),(401+533j),(481+374j),(565+286j),(588+64j),(602+170j),(566-327j),(436-456j),(253-581j),(-29-565j),(10246+6144j),(-11088-32640j),(128+0j),0j
38182b2eef40,1747748074.2581828,0j,0j,0j,(-5120+5120j),(400+494j),(597+241j),(628-72j),(554-312j),(431-489j),(264-602j),(83-649j),(-91-642j),(-258-625j),(-388-536j),(-475-456j),(-573-376j),(-648-263j),(-676-150j),(-705-26j),(-698+82j),(-670+199j),(-657+308j),(-589+399j),(-522+481j),(-463+549j),(-377+586j),(-301+633j),(-218+659j),(-142+693j),(-46+703j),(43+699j),(145+692j),0j,(301+643j),(379+605j),(436+556j),(498+505j),(562+423j),(618+364j),(629+264j),(667+176j),(677+87j),(695-9j),(692-97j),(638-211j),(593-292j),(542-376j),(468-466j),(390-540j),(273-604j),(146-621j),(25-641j),(-106-616j),(-231-545j),(-376-482j),(-485-363j),(-582-203j),(-591+0j),(-548+216j),(-385+437j),(10246+6144j),(-11088-32640j),(128+0j),0j
38182b2eef40,1747748074.2774148,0j,0j,0j,(-5120+5120j),(-267+509j),(337+444j),(566-112j),(173-557j),(-398-449j),(-592+84j),(-249+535j),(278+530j),(587+88j),(436-407j),(-47-603j),(-507-356j),(-609+155j),(-281+570j),(248+598j),(611+216j),(568-313j),(152-625j),(-351-530j),(-632-101j),(-510+402j),(-65+638j),(430+476j),(646+17j),(464-458j),(-2-651j),(-462-453j),(-637+46j),0j,(46+642j),(498+412j),(637-72j),(385-509j),(-110-627j),(-533-354j),(-614+126j),(-331+527j),(168+602j),(546+294j),(584-198j),(250-578j),(-254-569j),(-586-195j),(-523+315j),(-70+594j),(376+456j),(376+456j),(365-402j),(-62-534j),(-488-266j),(-623+353j),(-157+798j),(505+563j),(704-94j),(197-548j),(-457-288j),(10246+5376j),(-11344-32640j),(1152+0j),0j
38182b2eef40,1747748074.2882178,0j,0j,0j,(-5120+5120j),(144+551j),(429+379j),(573+114j),(572-149j),(475-360j),(330-497j),(147-569j),(-34-597j),(-219-567j),(-367-473j),(-469-374j),(-556-261j),(-618-130j),(-633+16j),(-614+140j),(-582+269j),(-511+400j),(-425+489j),(-314+561j),(-203+611j),(-89+648j),(34+640j),(149+629j),(258+591j),(348+539j),(440+487j),(508+393j),(570+296j),0j,(646+89j),(645-23j),(635-131j),(593-230j),(544-338j),(491-427j),(380-479j),(293-545j),(189-590j),(83-630j),(-40-642j),(-163-600j),(-275-547j),(-386-469j),(-466-377j),(-537-269j),(-572-134j),(-594+8j),(-568+153j),(-483+290j),(-372+404j),(-247+495j),(-80+546j),(111+552j),(304+461j),(472+288j),(534+28j),(10246+5376j),(-11344-32640j),(128+0j),0j
38182b2eef40,1747748074.2992032,0j,0j,0j,(-5120+5120j),(54-582j),(-276-509j),(-492-317j),(-572-83j),(-582+142j),(-507+322j),(-367+467j),(-227+559j),(-68+610j),(103+585j),(238+555j),(368+509j),(482+421j),(553+317j),(610+200j),(647+81j),(638-44j),(642-177j),(577-279j),(509-383j),(451-451j),(369-516j),(272-590j),(169-619j),(80-643j),(-15-649j),(-120-631j),(-225-604j),0j,(-404-525j),(-476-446j),(-533-358j),(-587-275j),(-610-175j),(-644-82j),(-627+37j),(-619+139j),(-585+234j),(-544+338j),(-474+414j),(-380+493j),(-275+542j),(-171+575j),(-50+610j),(68+599j),(196+565j),(307+476j),(418+406j),(505+277j),(539+144j),(564-25j),(526-190j),(438-342j),(286-479j),(52-540j),(-204-504j),(10246+5376j),(-11344-32640j),(128+0j),0j
38182b2eef40,1747748074.3082385,0j,0j,0j,(-5120+5120j),(-543-214j),(-572+125j),(-441+393j),(-222+539j),(-2+596j),(200+551j),(385+465j),(489+316j),(585+168j),(602+1j),(585-150j),(531-303j),(468-429j),(360-526j),(237-582j),(125-626j),(-9-639j),(-151-654j),(-266-575j),(-376-516j),(-457-443j),(-547-354j),(-599-254j),(-620-139j),(-644-25j),(-644+80j),(-618+192j),(-560+289j),0j,(-450+468j),(-356+533j),(-261+583j),(-162+622j),(-44+628j),(59+655j),(178+599j),(281+559j),(373+486j),(471+430j),(548+333j),(590+206j),(603+82j),(599-41j),(586-164j),(525-284j),(442-400j),(338-485j),(208-557j),(51-568j),(-105-532j),(-268-490j),(-417-378j),(-523-222j),(-550-7j),(-504+221j),(-321+440j),(10246+5376j),(-11344-32640j),(1152+0j),0j
38182b2eef40,1747748074.319225,0j,0j,0j,(-5120+5120j),(-522+238j),(-306+495j),(-28+585j),(216+536j),(401+429j),(526+275j),(581+94j),(587-93j),(573-246j),(468-372j),(367-480j),(258-552j),(146-619j),(17-636j),(-115-637j),(-237-597j),(-336-536j),(-448-488j),(-528-382j),(-580-277j),(-629-184j),(-640-72j),(-637+43j),(-625+133j),(-599+229j),(-562+323j),(-506+396j),(-420+473j),0j,(-275+587j),(-175+613j),(-87+634j),(10+641j),(118+635j),(217+613j),(311+544j),(395+489j),(462+407j),(523+343j),(585+254j),(607+132j),(604+24j),(593-95j),(564-205j),(515-318j),(421-417j),(314-498j),(189-557j),(41-568j),(-97-541j),(-252-490j),(-388-403j),(-504-265j),(-536-63j),(-515+163j),(-374+385j),(10246+5376j),(-11344-32640j),(128+0j),0j
38182b2eef40,1747748074.3285625,0j,0j,0j,(-5120+5120j),(-475+332j),(-236+533j),(33+584j),(258+519j),(423+428j),(534+276j),(592+95j),(587-50j),(574-185j),(508-313j),(448-402j),(384-504j),(275-581j),(175-615j),(72-630j),(-41-641j),(-137-604j),(-240-626j),(-327-559j),(-424-502j),(-464-444j),(-500-380j),(-576-330j),(-597-246j),(-644-172j),(-644-82j),(-646-17j),(-612+80j),0j,(-606+209j),(-579+312j),(-529+368j),(-489+441j),(-412+463j),(-375+539j),(-278+561j),(-217+601j),(-135+604j),(-56+648j),(41+640j),(152+599j),(217+567j),(303+511j),(398+468j),(463+384j),(527+286j),(541+173j),(582+78j),(560-61j),(544-167j),(464-302j),(371-419j),(229-494j),(51-542j),(-158-510j),(-386-396j),(10246+5376j),(-11344-32640j),(128+0j),0j
38182b2eef40,1747748074.338556,0j,0j,0j,(-5120+5120j),(613+167j),(616-181j),(447-463j),(191-612j),(-50-648j),(-263-588j),(-451-476j),(-575-303j),(-652-153j),(-651+29j),(-639+192j),(-570+339j),(-504+469j),(-392+572j),(-263+648j),(-133+690j),(12+702j),(160+709j),(286+636j),(403+586j),(490+507j),(585+414j),(641+295j),(680+184j),(700+64j),(702-54j),(680-172j),(630-294j),0j,(519-470j),(447-561j),(340-619j),(238-676j),(123-691j),(-2-715j),(-121-670j),(-244-648j),(-339-596j),(-446-537j),(-537-441j),(-604-320j),(-644-189j),(-657-65j),(-660+75j),(-625+211j),(-567+362j),(-446+465j),(-316+551j),(-163+590j),(14+612j),(182+579j),(356+499j),(506+352j),(596+140j),(590-126j),(440-388j),(10246+9216j),(-11088-32640j),0j,0j
38182b2eef40,1747748074.3475358,0j,0j,0j,(-5120+5120j),(549+69j),(466-310j),(180-535j),(-192-564j),(-466-381j),(-595-90j),(-566+220j),(-381+458j),(-153+590j),(119+587j),(352+494j),(523+323j),(615+97j),(614-150j),(510-379j),(341-550j),(114-642j),(-122-641j),(-350-552j),(-525-390j),(-628-181j),(-638+38j),(-587+272j),(-457+456j),(-285+579j),(-77+639j),(139+630j),(366+524j),0j,(625+221j),(640-25j),(599-235j),(487-415j),(309-556j),(109-637j),(-113-619j),(-327-545j),(-494-381j),(-609-197j),(-626+13j),(-563+242j),(-441+423j),(-233+556j),(-37+609j),(213+554j),(412+421j),(547+226j),(578-37j),(540-276j),(296-450j),(165-636j),(-152-596j),(-370-414j),(-528-88j),(-473+246j),(-234+477j),(10246+5376j),(-11344-32640j),(1152+0j),0j
38182b2eef40,1747748074.3578303,0j,0j,0j,(-5120+5120j),(-508-262j),(-571+38j),(-479+329j),(-315+497j),(-127+571j),(56+606j),(221+546j),(364+480j),(485+392j),(544+256j),(584+128j),(601+11j),(628-116j),(595-226j),(558-326j),(499-418j),(415-494j),(330-566j),(221-607j),(121-628j),(43-653j),(-48-638j),(-137-640j),(-223-608j),(-284-565j),(-369-525j),(-436-478j),(-495-408j),0j,(-600-267j),(-602-181j),(-641-111j),(-636-23j),(-650+64j),(-640+140j),(-591+227j),(-562+304j),(-490+380j),(-440+439j),(-381+526j),(-267+556j),(-180+589j),(-80+607j),(36+589j),(142+591j),(247+538j),(352+493j),(440+412j),(496+289j),(542+157j),(548+11j),(521-137j),(476-308j),(333-441j),(137-542j),(-122-521j),(10246+5376j),(-11344-32640j),(128+0j),0j
38182b2eef40,1747748074.369195,0j,0j,0j,(-5120+5120j),(11+587j),(468+357j),(571-106j),(340-476j),(-54-601j),(-407-428j),(-602-80j),(-524+279j),(-273+566j),(106+582j),(400+461j),(603+165j),(612-185j),(425-468j),(131-621j),(-215-618j),(-485-391j),(-655-124j),(-590+215j),(-423+500j),(-138+630j),(199+612j),(471+430j),(619+162j),(631-165j),(478-447j),(212-611j),(-113-617j),0j,(-608-249j),(-643+35j),(-524+337j),(-323+569j),(-8+633j),(322+569j),(517+331j),(638+27j),(563-262j),(365-535j),(76-629j),(-261-556j),(-490-357j),(-588-46j),(-547+256j),(-328+498j),(1+616j),(315+497j),(527+235j),(563-95j),(416-380j),(118-550j),(-256-523j),(-507-243j),(-541+146j),(-266+457j),(158+521j),(10246+5376j),(-11344-32640j),(128+0j),0j
38182b2eef40,1747748074.3768063,0j,0j,0j,(-5120+5120j),(-218-543j),(-430-374j),(-529-152j),(-566+66j),(-540+263j),(-442+408j),(-322+524j),(-191+575j),(-51+596j),(79+596j),(188+576j),(288+554j),(388+507j),(462+448j),(532+374j),(579+293j),(608+212j),(641+119j),(634+37j),(646-49j),(632-123j),(614-191j),(594-262j),(555-326j),(526-378j),(481-428j),(432-480j),(351-520j),0j,(269-596j),(195-613j),(130-626j),(70-649j),(-12-635j),(-70-643j),(-144-599j),(-225-605j),(-282-567j),(-343-528j),(-410-495j),(-458-418j),(-513-353j),(-550-272j),(-580-176j),(-589-80j),(-601+8j),(-545+109j),(-575+197j),(-465+292j),(-424+412j),(-345+496j),(-89+557j),(-57+561j),(236+530j),(326+393j),(468+236j),(10246+5376j),(-11344-32640j),(1152+0j),0j
38182b2eef40,1747748074.3891876,0j,0j,0j,(-5120+5120j),(481-352j),(194-549j),(-129-568j),(-380-439j),(-533-269j),(-599-51j),(-568+172j),(-485+361j),(-356+503j),(-171+575j),(-12+607j),(144+612j),(308+558j),(440+464j),(539+350j),(604+209j),(635+60j),(656-90j),(605-230j),(536-359j),(450-462j),(343-548j),(211-604j),(97-639j),(-37-650j),(-162-634j),(-285-587j),(-400-497j),0j,(-562-318j),(-615-193j),(-633-74j),(-649+59j),(-603+190j),(-567+305j),(-479+409j),(-384+510j),(-265+574j),(-154+631j),(-6+644j),(138+601j),(262+555j),(378+468j),(487+361j),(550+229j),(595+76j),(580-78j),(546-230j),(433-372j),(295-474j),(121-549j),(-76-554j),(-266-500j),(-430-336j),(-528-104j),(-512+191j),(10246+5376j),(-11344-32640j),(1152+0j),0j
38182b2eef40,1747748074.401494,0j,0j,0j,(-5120+5120j),(59+573j),(388+433j),(570+151j),(590-163j),(431-381j),(269-551j),(23-582j),(23-582j),(-383-481j),(-515-319j),(-588-148j),(-603+31j),(-597+207j),(-522+361j),(-401+496j),(-251+588j),(-94+642j),(82+633j),(243+604j),(374+502j),(515+434j),(582+281j),(634+147j),(647-17j),(625-145j),(577-297j),(501-420j),(375-521j),0j,(112-664j),(-47-632j),(-186-641j),(-308-557j),(-444-478j),(-551-365j),(-586-210j),(-621-68j),(-616+85j),(-584+219j),(-525+366j),(-408+484j),(-267+559j),(-109+607j),(76+585j),(242+572j),(371+455j),(490+328j),(569+166j),(563-31j),(526-205j),(402-374j),(247-488j),(45-551j),(-204-506j),(-434-346j),(-533-52j),(10246+5376j),(-11344-32640j),(128+0j),0j
38182b2eef40,1747748074.4181306,0j,0j,0j,(-5120+5120j),(-532+241j),(-348+470j),(-106+578j),(122+564j),(302+511j),(443+393j),(549+256j),(590+102j),(617-40j),(570-166j),(529-274j),(495-377j),(425-475j),(340-532j),(254-581j),(172-611j),(70-630j),(-36-657j),(-124-632j),(-215-615j),(-287-586j),(-344-530j),(-419-498j),(-476-437j),(-534-391j),(-572-312j),(-600-239j),(-617-176j),0j,(-652-24j),(-639+46j),(-625+114j),(-618+196j),(-584+258j),(-565+328j),(-490+386j),(-450+451j),(-390+491j),(-332+551j),(-252+591j),(-142+602j),(-60+602j),(35+599j),(119+602j),(217+565j),(317+527j),(317+527j),(466+352j),(529+246j),(547+122j),(560-21j),(535-170j),(465-310j),(336-435j),(147-520j),(-104-535j),(10246+5376j),(-11344-32640j),(128+0j),0j
38182b2eef40,1747748074.430974,0j,0j,0j,(-5120+5120j),(490-304j),(153-566j),(-258-508j),(-561-221j),(-550+136j),(-413+466j),(-106+563j),(207+585j),(499+350j),(605+66j),(564-214j),(409-406j),(245-572j),(-28-625j),(-297-583j),(-514-395j),(-662-129j),(-593+148j),(-548+432j),(-267+550j),(-35+715j),(226+607j),(485+441j),(604+227j),(599+11j),(605-203j),(490-418j),(257-606j),0j,(-263-632j),(-413-421j),(-621-268j),(-609+10j),(-624+283j),(-436+502j),(-214+579j),(69+639j),(289+537j),(449+390j),(602+216j),(609-57j),(544-301j),(360-529j),(91-553j),(-176-611j),(-389-409j),(-583-207j),(-592+110j),(-439+388j),(-236+502j),(74+547j),(302+436j),(515+232j),(532-97j),(345-435j),(345-435j),(10246+5376j),(-11344-32640j),(128+0j),0j
38182b2eef40,1747748074.4476442,0j,0j,0j,(-5120+5120j),(559-97j),(445-360j),(230-537j),(-33-591j),(-225-551j),(-394-443j),(-522-297j),(-570-139j),(-607+17j),(-580+164j),(-543+288j),(-463+414j),(-383+509j),(-270+591j),(-162+630j),(-37+655j),(75+648j),(195+624j),(291+580j),(386+522j),(461+458j),(518+365j),(577+298j),(616+200j),(638+110j),(645+12j),(647-78j),(614-174j),0j,(562-343j),(500-430j),(427-487j),(359-547j),(266-579j),(180-619j),(77-617j),(-16-635j),(-114-614j),(-214-606j),(-312-557j),(-405-488j),(-465-392j),(-532-300j),(-579-196j),(-591-73j),(-594+37j),(-548+164j),(-529+279j),(-415+368j),(-316+466j),(-100+529j),(76+585j),(313+472j),(387+436j),(511+191j),(522+6j),(10246+5376j),(-11344-32640j),(1152+0j),0j
38182b2eef40,1747748074.457208,0j,0j,0j,(-5120+5120j),(-451+353j),(-41+564j),(392+411j),(580+24j),(468-373j),(129-594j),(-260-550j),(-526-298j),(-600+70j),(-460+387j),(-182+579j),(152+598j),(449+443j),(619+148j),(614-183j),(445-472j),(151-631j),(-182-626j),(-469-450j),(-623-165j),(-631+153j),(-471+428j),(-219+614j),(96+647j),(386+526j),(587+285j),(647-27j),(568-333j),0j,(49-673j),(-264-581j),(-509-397j),(-637-113j),(-616+188j),(-463+459j),(-168+610j),(127+622j),(414+477j),(584+217j),(622-101j),(481-393j),(229-575j),(-81-604j),(-365-489j),(-561-226j),(-577+91j),(-447+385j),(-136+569j),(189+550j),(475+365j),(625-40j),(502-364j),(182-608j),(-236-545j),(-503-244j),(-515+196j),(10246+5376j),(-11344-32640j),(1152+0j),0j
38182b2eef40,1747748074.4682987,0j,0j,0j,(-5120+5120j),(580-32j),(476-342j),(248-532j),(-13-588j),(-232-543j),(-412-434j),(-537-281j),(-589-114j),(-617+67j),(-556+230j),(-483+356j),(-391+468j),(-289+555j),(-164+624j),(-28+640j),(97+640j),(230+607j),(351+562j),(448+478j),(528+368j),(595+288j),(642+184j),(648+51j),(646-43j),(628-151j),(606-258j),(550-341j),(471-436j),0j,(311-568j),(217-601j),(102-639j),(-3-646j),(-115-641j),(-218-627j),(-309-534j),(-412-484j),(-474-396j),(-545-331j),(-603-217j),(-611-85j),(-607+35j),(-579+152j),(-538+265j),(-469+376j),(-365+462j),(-250+545j),(-108+574j),(52+567j),(200+511j),(339+445j),(455+318j),(535+151j),(537-62j),(467-288j),(274-467j),(10246+5376j),(-11344-32640j),(1152+0j),0j
38182b2eef40,1747748074.478402,0j,0j,0j,(-5120+5120j),(-547+196j),(-369+443j),(-131+572j),(100+583j),(296+513j),(440+415j),(534+277j),(582+135j),(620-27j),(589-152j),(556-270j),(499-364j),(456-452j),(366-521j),(291-574j),(201-615j),(86-643j),(-13-671j),(-114-634j),(-193-608j),(-263-590j),(-327-540j),(-408-499j),(-480-455j),(-518-396j),(-543-334j),(-583-261j),(-606-191j),0j,(-665-33j),(-648+35j),(-637+104j),(-626+187j),(-579+260j),(-568+327j),(-492+382j),(-445+449j),(-380+496j),(-323+531j),(-262+581j),(-159+605j),(-70+615j),(20+605j),(118+587j),(217+568j),(319+510j),(391+440j),(475+353j),(521+236j),(549+119j),(558-26j),(532-164j),(470-308j),(331-435j),(143-532j),(-111-530j),(10246+5376j),(-11344-32640j),(128+0j),0j
38182b2eef40,1747748074.4882393,0j,0j,0j,(-5120+5120j),(-533+227j),(-336+483j),(-52+587j),(219+542j),(405+429j),(524+286j),(597+99j),(596-87j),(556-249j),(461-396j),(355-501j),(226-577j),(111-630j),(-20-651j),(-167-633j),(-278-579j),(-395-520j),(-484-438j),(-564-327j),(-610-208j),(-648-102j),(-659+8j),(-643+132j),(-610+228j),(-561+327j),(-511+412j),(-428+487j),(-329+553j),0j,(-148+631j),(-56+642j),(52+647j),(163+627j),(267+601j),(369+547j),(426+448j),(512+378j),(558+277j),(608+183j),(638+69j),(619-58j),(587-168j),(535-284j),(465-375j),(384-475j),(262-538j),(126-587j),(-20-594j),(-171-545j),(-302-460j),(-419-370j),(-513-219j),(-569-44j),(-522+168j),(-402+374j),(-185+504j),(10246+5376j),(-11344-32640j),(128+0j),0j
38182b2eef40,1747748074.4991932,0j,0j,0j,(-5120+5120j),(-491-297j),(-591-5j),(-506+286j),(-341+471j),(-173+559j),(11+589j),(201+568j),(359+491j),(490+384j),(557+238j),(592+112j),(621-24j),(615-162j),(575-273j),(520-383j),(440-469j),(341-545j),(244-596j),(140-630j),(33-641j),(-64-647j),(-166-616j),(-275-591j),(-354-538j),(-430-487j),(-501-417j),(-551-328j),(-599-229j),0j,(-654-60j),(-642+11j),(-638+113j),(-613+207j),(-575+297j),(-536+379j),(-443+436j),(-372+513j),(-294+554j),(-205+612j),(-96+636j),(29+623j),(126+592j),(227+556j),(331+515j),(415+441j),(503+339j),(551+217j),(582+88j),(586-51j),(519-182j),(456-327j),(328-446j),(182-536j),(-12-554j),(-234-500j),(-434-330j),(10246+5376j),(-11344-32640j),(128+0j),0j
38182b2eef40,1747748074.5092337,0j,0j,0j,(-5120+5120j),(-124+573j),(233+538j),(482+326j),(587+82j),(565-163j),(467-357j),(309-497j),(127-591j),(-60-620j),(-235-550j),(-369-474j),(-502-365j),(-590-215j),(-631-76j),(-650+71j),(-618+218j),(-545+360j),(-453+484j),(-326+565j),(-196+616j),(-76+661j),(87+646j),(184+612j),(316+559j),(422+493j),(520+403j),(580+293j),(627+158j),0j,(645-72j),(616-205j),(566-312j),(489-424j),(398-499j),(302-591j),(161-600j),(34-628j),(-98-622j),(-224-599j),(-352-536j),(-457-424j),(-531-315j),(-578-187j),(-609-50j),(-602+111j),(-538+265j),(-455+380j),(-339+492j),(-171+539j),(-6+561j),(194+529j),(353+433j),(486+285j),(554+68j),(518-185j),(344-425j),(10246+5376j),(-11344-32640j),(128+0j),0j
38182b2eef40,1747748074.5182817,0j,0j,0j,(-5120+5120j),(152+569j),(400+418j),(544+200j),(582-35j),(556-215j),(467-373j),(336-492j),(205-568j),(84-609j),(-75-597j),(-180-574j),(-307-560j),(-395-511j),(-470-430j),(-524-357j),(-589-278j),(-603-181j),(-657-106j),(-641-13j),(-648+98j),(-631+167j),(-601+244j),(-559+320j),(-522+376j),(-482+440j),(-425+502j),(-368+533j),(-279+567j),0j,(-160+613j),(-104+640j),(-25+634j),(47+658j),(127+629j),(204+628j),(269+569j),(341+529j),(400+478j),(463+452j),(517+374j),(562+294j),(576+208j),(588+116j),(613+32j),(598-72j),(567-183j),(507-269j),(453-363j),(345-445j),(262-506j),(117-541j),(-27-567j),(-173-533j),(-333-440j),(-460-271j),(-548-52j),(10246+5376j),(-11344-32640j),(128+0j),0j
38182b2eef40,1747748074.5338092,0j,0j,0j,(-5120+5120j),(-580+122j),(-260+486j),(-260+486j),(518+264j),(571-152j),(361-477j),(-5-601j),(-352-484j),(-581-216j),(-594+143j),(-424+452j),(-115+613j),(242+579j),(521+370j),(639+58j),(580-273j),(368-534j),(56-652j),(-271-589j),(-523-378j),(-643-86j),(-604+235j),(-422+483j),(-139+628j),(183+620j),(462+460j),(622+189j),(634-131j),0j,(246-616j),(-61-630j),(-356-528j),(-565-302j),(-642-2j),(-574+299j),(-349+518j),(-64+623j),(258+579j),(509+387j),(619+79j),(565-243j),(364-483j),(79-604j),(-229-568j),(-484-358j),(-603-47j),(-522+262j),(-283+497j),(14+574j),(309+459j),(550+82j),(605-246j),(360-470j),(-98-535j),(-468-337j),(-522+98j),(10246+5376j),(-11344-32640j),(1152+0j),0j
38182b2eef40,1747748074.5443995,0j,0j,0j,(-5120+5120j),(568-276j),(349-542j),(57-639j),(-210-625j),(-391-521j),(-544-395j),(-623-200j),(-654-40j),(-660+127j),(-597+269j),(-543+390j),(-449+499j),(-362+595j),(-253+658j),(-132+690j),(-21+699j),(95+703j),(215+692j),(325+634j),(406+567j),(481+535j),(546+441j),(605+384j),(641+281j),(678+207j),(699+99j),(710+10j),(701-81j),0j,(678-262j),(623-335j),(598-411j),(528-474j),(460-538j),(394-600j),(294-619j),(198-662j),(109-690j),(11-704j),(-94-698j),(-210-651j),(-298-621j),(-394-554j),(-458-464j),(-535-394j),(-589-288j),(-625-151j),(-625-21j),(-600+125j),(-557+267j),(-468+398j),(-337+481j),(-176+586j),(25+601j),(266+565j),(463+347j),(10246+6144j),(-11088-32640j),(128+0j),0j
38182b2eef40,1747748074.5570016,0j,0j,0j,(-5120+5120j),(249+552j),(562+177j),(488-259j),(151-536j),(-239-524j),(-538-266j),(-597+138j),(-398+450j),(-57+605j),(296+538j),(540+282j),(612-53j),(500-369j),(240-579j),(-89-627j),(-394-498j),(-596-233j),(-632+86j),(-513+404j),(-248+601j),(77+654j),(374+531j),(589+277j),(657-41j),(543-338j),(316-552j),(23-625j),(-298-572j),0j,(-661-69j),(-601+219j),(-417+472j),(-150+631j),(164+626j),(458+471j),(599+161j),(624-132j),(456-399j),(232-587j),(-98-611j),(-387-477j),(-576-255j),(-594+94j),(-495+386j),(-229+550j),(158+595j),(421+423j),(580+116j),(599-306j),(251-580j),(-4-559j),(-518-636j),(-575-45j),(-509+222j),(-226+501j),(217+413j),(10246+5376j),(-11344-32640j),(128+0j),0j
38182b2eef40,1747748074.5716102,0j,0j,0j,(-5120+5120j),(-214-535j),(-465-348j),(-583-66j),(-547+207j),(-442+402j),(-279+528j),(-83+587j),(109+575j),(283+538j),(418+435j),(506+318j),(585+200j),(636+71j),(636-66j),(609-201j),(556-323j),(464-437j),(379-541j),(379-541j),(133-629j),(22-647j),(-105-643j),(-223-610j),(-312-558j),(-412-511j),(-487-435j),(-544-335j),(-606-217j),0j,(-652-23j),(-641+87j),(-609+200j),(-573+290j),(-506+394j),(-427+491j),(-328+533j),(-215+590j),(-111+613j),(-2+637j),(106+630j),(231+584j),(337+516j),(429+422j),(515+327j),(574+199j),(601+67j),(587-82j),(544-227j),(454-357j),(338-460j),(181-525j),(15-562j),(-173-541j),(-356-432j),(-507-227j),(-545+48j),(10246+5376j),(-11344-32640j),(128+0j),0j
38182b2eef40,1747748074.5869176,0j,0j,0j,(-5120+5120j),(-457+345j),(-241+532j),(16+578j),(266+512j),(433+379j),(548+234j),(598+70j),(581-101j),(553-246j),(472-367j),(387-472j),(286-554j),(186-600j),(78-637j),(-34-641j),(-145-634j),(-252-590j),(-359-542j),(-432-469j),(-508-404j),(-567-325j),(-595-251j),(-595-251j),(-646-55j),(-646+23j),(-636+110j),(-616+197j),(-566+281j),0j,(-494+413j),(-423+487j),(-348+526j),(-275+578j),(-189+599j),(-109+644j),(-13+612j),(82+635j),(165+604j),(251+590j),(324+531j),(424+475j),(478+399j),(537+300j),(574+208j),(600+82j),(598-21j),(546-142j),(547-263j),(429-364j),(339-433j),(162-471j),(115-547j),(-62-510j),(-278-561j),(-489-280j),(-539-72j),(10246+5376j),(-11344-32640j),(1152+0j),0j
38182b2eef40,1747748074.6019392,0j,0j,0j,(-5120+5120j),(563-120j),(420-399j),(182-532j),(-34-568j),(-231-540j),(-380-442j),(-507-319j),(-567-158j),(-623-18j),(-578+133j),(-542+244j),(-508+372j),(-429+469j),(-333+540j),(-333+540j),(-133+621j),(-34+616j),(62+658j),(165+615j),(260+592j),(344+543j),(409+492j),(482+430j),(525+351j),(594+291j),(614+196j),(638+121j),(626+18j),0j,(621-112j),(611-204j),(575-274j),(548-354j),(477-419j),(429-493j),(352-525j),(248-577j),(175-600j),(86-636j),(-4-638j),(-114-608j),(-194-569j),(-291-513j),(-377-479j),(-441-408j),(-527-312j),(-553-184j),(-581-83j),(-579+60j),(-524+185j),(-454+311j),(-350+442j),(-206+526j),(-15+543j),(189+496j),(403+373j),(10246+5376j),(-11344-32640j),(128+0j),0j
38182b2eef40,1747748074.610883,0j,0j,0j,(-5120+5120j),(385+409j),(552+146j),(569-138j),(456-358j),(299-503j),(128-568j),(-53-574j),(-223-546j),(-368-484j),(-466-369j),(-543-261j),(-599-144j),(-614-15j),(-620+95j),(-603+215j),(-559+329j),(-480+413j),(-407+506j),(-316+558j),(-205+602j),(-119+630j),(-25+621j),(81+636j),(179+613j),(258+591j),(335+547j),(411+489j),(489+409j),0j,(592+268j),(614+184j),(636+88j),(641-7j),(629-104j),(615-182j),(558-278j),(503-352j),(444-431j),(390-502j),(308-560j),(187-599j),(89-604j),(-20-603j),(-130-574j),(-241-543j),(-343-487j),(-441-397j),(-512-287j),(-563-159j),(-558-19j),(-537+145j),(-466+285j),(-366+420j),(-188+530j),(41+554j),(280+453j),(10246+5376j),(-11344-32640j),(128+0j),0j
38182b2eef40,1747748074.6280532,0j,0j,0j,(-5120+5120j),(307+479j),(517+253j),(584-30j),(509-292j),(351-458j),(160-556j),(-33-574j),(-226-541j),(-368-455j),(-488-336j),(-565-201j),(-603-43j),(-601+107j),(-569+250j),(-508+371j),(-422+480j),(-315+559j),(-186+611j),(-59+633j),(69+625j),(183+604j),(299+548j),(402+495j),(487+411j),(557+315j),(605+207j),(637+89j),(624-26j),0j,(608-248j),(539-341j),(469-431j),(378-508j),(278-568j),(162-612j),(31-612j),(-75-622j),(-186-597j),(-303-544j),(-405-470j),(-490-368j),(-555-262j),(-593-137j),(-599-8j),(-583+127j),(-532+255j),(-442+382j),(-330+475j),(-180+537j),(-5+552j),(153+531j),(318+449j),(461+307j),(545+106j),(536-147j),(389-370j),(10246+5376j),(-11344-32640j),(1152+0j),0j
38182b2eef40,1747748074.6383903,0j,0j,0j,(-5120+5120j),(-144+555j),(197+526j),(453+344j),(571+105j),(556-132j),(473-334j),(316-484j),(131-558j),(-54-597j),(-229-539j),(-369-462j),(-479-337j),(-583-197j),(-610-49j),(-617+105j),(-580+251j),(-488+378j),(-398+493j),(-271+559j),(-129+611j),(2+643j),(126+596j),(272+569j),(379+506j),(485+415j),(559+300j),(610+175j),(633+44j),0j,(604-191j),(543-326j),(474-419j),(377-503j),(261-573j),(156-627j),(4-607j),(-124-603j),(-255-553j),(-368-496j),(-483-406j),(-546-271j),(-589-139j),(-600+6j),(-563+161j),(-521+300j),(-409+419j),(-285+505j),(-134+569j),(37+556j),(210+509j),(368+407j),(490+261j),(551+64j),(531-163j),(392-383j),(122-511j),(10246+5376j),(-11344-32640j),(128+0j),0j
38182b2eef40,1747748074.6509833,0j,0j,0j,(-5120+5120j),(123-546j),(-190-542j),(-421-375j),(-537-177j),(-588+21j),(-544+202j),(-458+369j),(-320+461j),(-222+565j),(-66+576j),(64+577j),(189+568j),(319+528j),(413+468j),(498+368j),(498+368j),(598+187j),(645+75j),(617-44j),(612-133j),(592-223j),(546-320j),(500-383j),(428-458j),(362-523j),(281-572j),(199-597j),(102-599j),0j,(-53-632j),(-155-619j),(-232-579j),(-324-544j),(-385-484j),(-460-447j),(-503-348j),(-553-273j),(-576-187j),(-625-96j),(-625+16j),(-591+126j),(-546+220j),(-489+310j),(-443+403j),(-361+476j),(-251+533j),(-130+561j),(-9+581j),(124+552j),(256+486j),(365+408j),(476+282j),(541+112j),(535-75j),(449-291j),(275-476j),(10246+5376j),(-11344-32640j),(128+0j),0j
38182b2eef40,1747748074.6692243,0j,0j,0j,(-5120+5120j),(-130+577j),(215+553j),(467+367j),(586+118j),(579-121j),(505-315j),(359-469j),(184-557j),(1-601j),(-172-564j),(-315-521j),(-445-418j),(-549-300j),(-611-158j),(-635-19j),(-641+127j),(-578+256j),(-530+377j),(-433+476j),(-316+559j),(-203+611j),(-70+624j),(49+636j),(172+624j),(290+579j),(391+507j),(473+433j),(560+326j),0j,(639+125j),(644-4j),(631-125j),(597-236j),(529-338j),(472-442j),(355-497j),(250-579j),(145-604j),(13-632j),(-120-624j),(-252-561j),(-352-496j),(-442-408j),(-526-297j),(-577-161j),(-592-20j),(-569+148j),(-513+275j),(-400+401j),(-260+502j),(-92+543j),(97+541j),(282+480j),(440+328j),(542+98j),(508-180j),(10246+5376j),(-11344-32640j),(128+0j),0j
38182b2eef40,1747748074.6817877,0j,0j,0j,(-5120+5120j),(-536+266j),(-345+490j),(-66+599j),(181+570j),(367+474j),(492+345j),(568+187j),(597+46j),(618-128j),(551-264j),(489-371j),(429-458j),(352-534j),(268-587j),(171-630j),(59-651j),(-63-653j),(-171-649j),(-260-597j),(-353-557j),(-420-506j),(-466-437j),(-544-363j),(-590-285j),(-617-216j),(-633-162j),(-657-78j),(-645+22j),0j,(-649+177j),(-608+264j),(-573+324j),(-530+394j),(-451+451j),(-406+522j),(-315+545j),(-230+601j),(-153+613j),(-83+636j),(1+650j),(100+624j),(181+610j),(286+555j),(375+486j),(457+409j),(527+321j),(561+208j),(582+78j),(580-49j),(541-166j),(473-318j),(393-441j),(250-518j),(63-572j),(-151-543j),(-368-397j),(10246+5376j),(-11344-32640j),(128+0j),0j
38182b2eef40,1747748074.6982222,0j,0j,0j,(-5120+5120j),(-477+378j),(-78+604j),(353+489j),(574+173j),(585-194j),(386-479j),(67-610j),(-262-549j),(-508-368j),(-612-69j),(-588+214j),(-434+486j),(-171+637j),(115+640j),(386+538j),(571+336j),(657+60j),(643-214j),(487-459j),(261-628j),(-7-680j),(-270-620j),(-491-462j),(-628-234j),(-678+36j),(-603+304j),(-433+510j),(-189+616j),0j,0j,(507+440j),(641+201j),(680-56j),(601-315j),(433-535j),(172-621j),(-90-654j),(-329-564j),(-548-383j),(-657-123j),(-634+166j),(-502+401j),(-289+564j),(-41+632j),(241+591j),(487+420j),(598+143j),(609-133j),(462-408j),(196-552j),(-108-569j),(-402-434j),(-570-145j),(-539+201j),(-312+483j),(108+564j),(10246+5376j),(-11344-32640j),(128+0j),0j
38182b2eef40,1747748074.7124224,0j,0j,0j,(-5120+5120j),(125-591j),(-165-579j),(-381-447j),(-532-278j),(-608-109j),(-644+79j),(-589+234j),(-510+355j),(-432+462j),(-315+547j),(-223+599j),(-110+646j),(-7+666j),(97+658j),(184+648j),(278+623j),(352+574j),(430+533j),(487+473j),(542+409j),(582+354j),(606+291j),(641+222j),(661+157j),(678+94j),(677+23j),(673-50j),(646-115j),0j,(664-238j),(604-305j),(575-361j),(541-411j),(489-465j),(449-515j),(374-537j),(321-594j),(259-609j),(174-658j),(98-654j),(2-661j),(-70-660j),(-163-642j),(-236-598j),(-321-564j),(-394-495j),(-451-425j),(-546-336j),(-577-185j),(-575-78j),(-585+40j),(-641+269j),(-462+348j),(-344+481j),(-176+545j),(62+587j),(10246+5376j),(-11088-32640j),(128+0j),0j
38182b2eef40,1747748074.720883,0j,0j,0j,(-5120+5120j),(-484+467j),(-186+650j),(147+670j),(401+568j),(565+410j),(664+225j),(689+20j),(698-165j),(640-326j),(536-461j),(443-556j),(329-648j),(201-715j),(70-738j),(-52-749j),(-168-739j),(-288-701j),(-395-654j),(-477-584j),(-556-505j),(-630-424j),(-680-322j),(-711-235j),(-738-140j),(-744-49j),(-751+44j),(-734+139j),(-706+231j),0j,(-662+407j),(-597+465j),(-529+537j),(-462+607j),(-363+647j),(-290+697j),(-200+702j),(-87+721j),(3+729j),(104+736j),(218+714j),(327+658j),(409+592j),(492+515j),(553+432j),(619+345j),(673+209j),(683+67j),(687-66j),(641-215j),(564-347j),(451-476j),(299-586j),(116-654j),(-91-634j),(-333-551j),(-537-336j),(10246+9216j),(-11088-32640j),(128+0j),0j
38182b2eef40,1747748074.7332478,0j,0j,0j,(-5120+5120j),(653+202j),(331-591j),(-540-458j),(-603+382j),(183+701j),(716+92j),(361-607j),(-392-576j),(-719+103j),(-230+675j),(493+502j),(696-209j),(142-732j),(-578-483j),(-730+260j),(-153+760j),(573+505j),(738-251j),(160-758j),(-567-526j),(-752+210j),(-219+720j),(506+569j),(751-133j),(289-715j),(-456-624j),(-765+57j),(-349+634j),0j,(760+111j),(446-654j),(-302-728j),(-762-129j),(-507+576j),(208+735j),(711+210j),(551-499j),(-137-726j),(-696-252j),(-566+475j),(126+719j),(681+266j),(571-438j),(-103-703j),(-670-261j),(-540+444j),(133+667j),(652+205j),(487-483j),(-244-599j),(-647-53j),(-310+576j),(423+493j),(591-254j),(-63-640j),(-610-74j),(10246+6144j),(-11088-32640j),(128+0j),0j
38182b2eef40,1747748074.7533987,0j,0j,0j,(-5120+5120j),(-606-17j),(-524+306j),(-310+501j),(-104+603j),(109+615j),(287+536j),(436+450j),(534+327j),(615+173j),(616+34j),(617-103j),(606-218j),(562-345j),(503-434j),(421-507j),(327-583j),(224-615j),(121-673j),(17-654j),(-83-667j),(-176-657j),(-229-642j),(-333-585j),(-415-524j),(-471-475j),(-530-407j),(-570-331j),(-600-260j),0j,(-668-101j),(-671-13j),(-654+62j),(-660+156j),(-601+244j),(-594+316j),(-512+376j),(-469+449j),(-407+500j),(-344+573j),(-253+606j),(-137+629j),(-52+628j),(56+613j),(154+601j),(258+562j),(359+507j),(444+409j),(524+316j),(557+200j),(588+55j),(573-98j),(527-236j),(431-391j),(266-506j),(57-560j),(-208-528j),(10246+5376j),(-11344-32640j),(128+0j),0j
38182b2eef40,1747748074.7618284,0j,0j,0j,(-5120+5120j),(179+556j),(483+331j),(593+7j),(541-277j),(373-465j),(162-585j),(-61-612j),(-283-536j),(-457-426j),(-564-248j),(-621-69j),(-617+115j),(-571+288j),(-482+431j),(-349+544j),(-202+620j),(-41+646j),(124+655j),(275+592j),(410+509j),(519+399j),(579+253j),(646+124j),(666-26j),(641-179j),(584-303j),(503-428j),(387-525j),0j,(138-639j),(-14-667j),(-158-638j),(-278-597j),(-406-495j),(-406-495j),(-567-266j),(-625-122j),(-629+16j),(-625+168j),(-556+301j),(-453+437j),(-330+515j),(-184+570j),(-34+604j),(125+583j),(294+539j),(417+409j),(518+271j),(554+85j),(538-93j),(477-275j),(355-432j),(157-540j),(-82-552j),(-322-444j),(-508-207j),(10246+5376j),(-11344-32640j),(128+0j),0j
38182b2eef40,1747748074.7770731,0j,0j,0j,(-5120+5120j),(592+97j),(542-244j),(341-487j),(92-584j),(-156-573j),(-356-481j),(-527-317j),(-600-135j),(-628+66j),(-558+250j),(-485+371j),(-366+506j),(-225+598j),(-66+638j),(90+640j),(235+593j),(367+523j),(491+468j),(561+327j),(620+178j),(643+46j),(654-77j),(617-225j),(555-328j),(485-445j),(398-530j),(280-581j),(131-640j),0j,(-101-641j),(-218-622j),(-321-544j),(-431-486j),(-514-376j),(-605-277j),(-604-127j),(-625+7j),(-600+124j),(-585+258j),(-516+371j),(-408+474j),(-279+548j),(-145+569j),(-17+594j),(128+576j),(281+524j),(407+420j),(504+304j),(545+133j),(546-38j),(499-210j),(413-371j),(251-496j),(18-537j),(-218-486j),(-437-308j),(10246+5376j),(-11344-32640j),(128+0j),0j
38182b2eef40,1747748074.78796,0j,0j,0j,(-5120+5120j),(540-191j),(343-477j),(26-590j),(-276-510j),(-465-341j),(-593-124j),(-597+114j),(-507+312j),(-362+484j),(-175+571j),(8+602j),(187+591j),(348+523j),(490+404j),(588+261j),(636+87j),(630-84j),(593-254j),(507-393j),(386-515j),(252-596j),(96-633j),(-68-645j),(-223-613j),(-352-544j),(-463-451j),(-550-330j),(-620-185j),0j,(-647+101j),(-590+244j),(-511+366j),(-422+483j),(-280+571j),(-139+633j),(15+614j),(175+603j),(307+538j),(441+464j),(529+345j),(594+171j),(619+31j),(593-145j),(521-276j),(411-425j),(280-525j),(90-565j),(-118-575j),(-240-486j),(-403-394j),(-472-225j),(-571-85j),(-481+102j),(-454+386j),(-91+558j),(195+501j),(10246+5376j),(-11344-32640j),(1152+0j),0j
38182b2eef40,1747748074.7971501,0j,0j,0j,(-5120+5120j),(-574+9j),(-466+311j),(-253+528j),(20+588j),(251+530j),(435+407j),(528+229j),(587+33j),(580-143j),(497-312j),(397-431j),(267-530j),(117-601j),(-33-612j),(-187-593j),(-308-548j),(-423-455j),(-524-355j),(-581-239j),(-619-98j),(-636+33j),(-613+147j),(-567+281j),(-488+380j),(-396+478j),(-303+550j),(-188+595j),(-56+614j),0j,(158+610j),(275+560j),(384+500j),(471+414j),(541+310j),(596+206j),(604+62j),(614-58j),(588-176j),(534-315j),(464-429j),(343-508j),(218-569j),(101-590j),(-34-596j),(-185-569j),(-320-489j),(-441-383j),(-513-257j),(-553-88j),(-549+88j),(-487+250j),(-368+391j),(-195+503j),(26+541j),(271+482j),(443+277j),(10246+5376j),(-11344-32640j),(128+0j),0j
38182b2eef40,1747748074.807867,0j,0j,0j,(-5120+5120j),(492-241j),(340-427j),(109-546j),(-126-563j),(-315-490j),(-453-361j),(-545-209j),(-561-55j),(-578+93j),(-539+218j),(-487+327j),(-425+428j),(-341+516j),(-239+570j),(-136+601j),(-34+614j),(66+619j),(165+603j),(257+569j),(339+524j),(413+467j),(463+401j),(525+334j),(563+261j),(597+184j),(619+103j),(628+21j),(612-75j),0j,(607-224j),(551-293j),(510-361j),(461-423j),(404-475j),(337-524j),(248-552j),(173-588j),(84-608j),(-3-614j),(-96-601j),(-190-569j),(-272-519j),(-348-466j),(-420-403j),(-490-317j),(-544-204j),(-563-89j),(-554+18j),(-505+127j),(-470+248j),(-282+361j),(-138+456j),(-4+509j),(131+503j),(280+431j),(425+283j),(10246+5376j),(-11344-32640j),(1152+0j),0j
38182b2eef40,1747748074.8228707,0j,0j,0j,(-5120+5120j),(158-529j),(-300-485j),(-557-142j),(-503+271j),(-211+523j),(137+561j),(442+387j),(581+85j),(542-261j),(309-498j),(18-588j),(-279-526j),(-504-331j),(-614-56j),(-579+245j),(-396+499j),(-115+622j),(190+603j),(446+449j),(604+193j),(629-100j),(524-367j),(297-566j),(21-629j),(-250-577j),(-474-415j),(-608-164j),(-612+119j),0j,(-298+581j),(-22+614j),(244+568j),(467+411j),(606+157j),(624-130j),(471-385j),(263-568j),(-21-605j),(-279-541j),(-485-367j),(-591-91j),(-576+198j),(-404+406j),(-159+571j),(137+568j),(400+420j),(558+146j),(529-129j),(414-407j),(126-509j),(-176-482j),(-370-329j),(-480-60j),(-457+341j),(-81+520j),(307+428j),(10246+5376j),(-11344-32640j),(1152+0j),0j
38182b2eef40,1747748074.8454425,0j,0j,0j,(-5120+5120j),(498+133j),(528-95j),(433-323j),(253-483j),(48-551j),(-140-544j),(-299-485j),(-422-387j),(-514-256j),(-557-117j),(-568+14j),(-558+133j),(-531+245j),(-482+351j),(-409+440j),(-320+507j),(-227+558j),(-128+594j),(-21+614j),(89+614j),(191+589j),(281+541j),(358+496j),(425+434j),(484+362j),(530+282j),(563+200j),(592+115j),0j,(613-58j),(584-136j),(560-218j),(526-301j),(476-378j),(414-448j),(325-488j),(255-546j),(164-576j),(68-591j),(-33-588j),(-132-572j),(-230-539j),(-325-489j),(-410-417j),(-477-323j),(-526-217j),(-553-100j),(-558+30j),(-531+165j),(-457+278j),(-371+400j),(-240+483j),(-69+530j),(138+512j),(342+404j),(477+212j),(10246+5376j),(-11344-32640j),(1152+0j),0j
38182b2eef40,1747748074.8607488,0j,0j,0j,(-5120+5120j),(-110-743j),(-490-565j),(-716-248j),(-764+111j),(-663+397j),(-477+602j),(-249+723j),(3+756j),(253+744j),(452+625j),(608+505j),(726+343j),(802+175j),(817-21j),(806-191j),(752-362j),(664-523j),(533-664j),(375-730j),(225-798j),(63-834j),(-103-826j),(-279-795j),(-414-727j),(-519-645j),(-627-550j),(-707-425j),(-787-270j),0j,(-834-1j),(-839+157j),(-776+299j),(-713+432j),(-611+545j),(-510+673j),(-361+713j),(-210+792j),(-66+811j),(90+831j),(236+792j),(399+702j),(510+601j),(624+462j),(720+308j),(760+143j),(777-38j),(734-238j),(661-412j),(495-573j),(312-659j),(84-734j),(-157-718j),(-389-620j),(-584-422j),(-706-105j),(-668+260j),(10246+5376j),(-11600-32640j),(128+0j),0j
38182b2eef40,1747748074.8815453,0j,0j,0j,(-5120+5120j),(518+151j),(508-164j),(348-422j),(105-551j),(-129-531j),(-325-453j),(-471-296j),(-539-143j),(-562+73j),(-501+238j),(-426+381j),(-306+481j),(-190+557j),(-49+596j),(107+596j),(254+548j),(382+468j),(485+374j),(567+240j),(585+86j),(618-29j),(586-172j),(527-300j),(453-412j),(363-479j),(273-542j),(152-581j),(16-605j),0j,(-244-553j),(-321-505j),(-422-434j),(-505-324j),(-559-203j),(-597-78j),(-572+59j),(-550+183j),(-492+285j),(-437+383j),(-354+477j),(-229+537j),(-95+568j),(46+562j),(190+521j),(317+459j),(427+358j),(503+219j),(549+59j),(518-105j),(453-237j),(345-394j),(197-475j),(23-523j),(-204-483j),(-403-324j),(-490-63j),(10246+5376j),(-11600-32640j),(128+0j),0j
38182b2eef40,1747748074.890783,0j,0j,0j,(-5120+5120j),(534-107j),(399-372j),(168-524j),(-53-563j),(-232-514j),(-383-435j),(-483-283j),(-537-147j),(-583-9j),(-564+125j),(-526+239j),(-474+347j),(-398+441j),(-317+515j),(-239+558j),(-137+604j),(-32+604j),(68+618j),(152+582j),(264+548j),(332+515j),(383+472j),(455+410j),(508+334j),(542+268j),(578+193j),(603+118j),(598+34j),0j,(607-130j),(574-201j),(534-265j),(508-339j),(452-392j),(409-458j),(314-490j),(248-532j),(174-560j),(97-596j),(12-597j),(-95-578j),(-177-553j),(-274-507j),(-338-456j),(-415-387j),(-478-291j),(-515-186j),(-547-78j),(-541+38j),(-500+157j),(-432+276j),(-346+398j),(-210+478j),(-48+520j),(166+493j),(367+356j),(10246+5376j),(-11344-32640j),(128+0j),0j
38182b2eef40,1747748074.9028509,0j,0j,0j,(-5120+5120j),(397-331j),(-326-437j),(-469+288j),(216+501j),(540-106j),(25-568j),(-532-179j),(-333+454j),(329+458j),(542-170j),(17-570j),(-529-221j),(-402+423j),(248+542j),(602-24j),(215-570j),(-450-418j),(-557+249j),(11+609j),(561+238j),(444-419j),(-193-564j),(-605-53j),(-302+524j),(360+497j),(603-123j),(139-603j),(-451-367j),0j,(-36+622j),(579+229j),(449-418j),(-182-575j),(-599-70j),(-316+504j),(331+478j),(590-116j),(126-567j),(-453-359j),(-524+285j),(56+579j),(545+163j),(373-441j),(-272-479j),(-571+70j),(-133+553j),(468+323j),(488-252j),(-80-617j),(-535-38j),(-199+382j),(148+368j),(464-147j),(-139-471j),(-448+193j),(107+447j),(10246+5376j),(-11344-32640j),(128+0j),0j
38182b2eef40,1747748074.9177463,0j,0j,0j,(-5120+5120j),(-512+96j),(-404+347j),(-201+505j),(49+542j),(258+485j),(413+358j),(514+205j),(544+31j),(550-133j),(489-275j),(404-391j),(300-475j),(185-539j),(69-569j),(-59-575j),(-180-557j),(-297-512j),(-394-448j),(-475-357j),(-543-259j),(-586-151j),(-586-43j),(-594+72j),(-570+175j),(-533+268j),(-482+353j),(-415+427j),(-325+486j),0j,(-142+570j),(-52+594j),(52+591j),(150+574j),(255+536j),(352+487j),(417+395j),(488+324j),(523+232j),(564+130j),(580+27j),(573-99j),(541-209j),(471-316j),(397-404j),(290-472j),(179-539j),(48-549j),(-110-521j),(-244-439j),(-360-372j),(-399-231j),(-439-81j),(-472+87j),(-427+284j),(-279+433j),(-23+491j),(10246+5376j),(-11600-32640j),(1152+0j),0j
38182b2eef40,1747748074.9279578,0j,0j,0j,(-5120+5120j),(326-399j),(139-506j),(-98-523j),(-310-442j),(-451-307j),(-526-157j),(-552-5j),(-539+144j),(-484+273j),(-406+380j),(-319+465j),(-224+533j),(-119+579j),(-10+595j),(95+591j),(191+567j),(283+533j),(366+483j),(436+423j),(491+354j),(535+282j),(570+199j),(599+124j),(609+43j),(605-39j),(588-120j),(563-194j),(532-266j),0j,(481-405j),(402-444j),(342-496j),(276-539j),(204-570j),(127-589j),(50-584j),(-34-592j),(-118-581j),(-203-558j),(-287-518j),(-363-461j),(-426-393j),(-484-318j),(-529-233j),(-560-134j),(-567-26j),(-551+81j),(-518+188j),(-461+294j),(-370+386j),(-261+469j),(-123+519j),(42+531j),(230+479j),(403+339j),(503+129j),(10246+5376j),(-11600-32640j),(1152+0j),0j
38182b2eef40,1747748074.9382727,0j,0j,0j,(-5120+5120j),(-555-231j),(-590+164j),(-409+445j),(-164+599j),(113+609j),(346+510j),(521+338j),(605+136j),(633-79j),(566-277j),(450-442j),(326-566j),(137-649j),(-42-670j),(-208-640j),(-371-563j),(-509-440j),(-631-325j),(-674-143j),(-676+38j),(-654+195j),(-606+332j),(-482+481j),(-369+571j),(-239+658j),(-86+698j),(73+687j),(232+637j),0j,(477+512j),(588+373j),(648+233j),(696+85j),(678-81j),(662-231j),(559-369j),(464-500j),(342-577j),(202-672j),(26-688j),(-162-653j),(-301-581j),(-430-485j),(-554-352j),(-608-184j),(-652-7j),(-610+193j),(-527+369j),(-383+502j),(-198+593j),(26+606j),(238+569j),(451+423j),(575+192j),(579-107j),(438-416j),(10246+6144j),(-11088-32640j),(128+0j),0j
38182b2eef40,1747748074.9472184,0j,0j,0j,(-5120+5120j),(178+525j),(469+321j),(573+1j),(506-265j),(334-459j),(121-573j),(-114-564j),(-332-495j),(-474-368j),(-559-184j),(-593+13j),(-575+197j),(-507+366j),(-381+491j),(-238+587j),(-68+635j),(103+626j),(278+590j),(424+487j),(524+354j),(599+231j),(647+80j),(629-83j),(599-238j),(532-376j),(427-500j),(290-582j),(144-621j),0j,(-141-648j),(-299-578j),(-421-494j),(-525-382j),(-605-242j),(-655-101j),(-617+76j),(-601+215j),(-527+359j),(-423+478j),(-290+577j),(-121+623j),(42+617j),(215+582j),(364+493j),(491+387j),(565+221j),(590+41j),(587-146j),(490-321j),(343-462j),(156-546j),(-58-574j),(-292-509j),(-477-319j),(-571-54j),(-497+276j),(10246+5376j),(-11344-32640j),(128+0j),0j
38182b2eef40,1747748074.9578595,0j,0j,0j,(-5120+5120j),(-504-246j),(-556+26j),(-518+259j),(-410+415j),(-289+542j),(-135+598j),(31+615j),(151+587j),(244+551j),(358+494j),(421+444j),(501+379j),(552+319j),(608+244j),(627+165j),(645+89j),(649+19j),(659-43j),(641-97j),(635-167j),(619-221j),(587-267j),(576-327j),(546-375j),(516-418j),(480-447j),(452-477j),(385-510j),0j,(357-583j),(290-601j),(245-609j),(197-643j),(138-632j),(101-660j),(38-650j),(-20-649j),(-80-637j),(-130-655j),(-192-640j),(-253-585j),(-316-552j),(-362-524j),(-439-463j),(-479-410j),(-504-341j),(-554-244j),(-602-177j),(-563-56j),(-590+15j),(-547+137j),(-551+335j),(-425+476j),(-307+413j),(-73+576j),(102+552j),(10246+5376j),(-11344-32640j),(1152+0j),0j
38182b2eef40,1747748074.9682834,0j,0j,0j,(-5120+5120j),(-166+581j),(161+580j),(432+414j),(577+174j),(603-64j),(543-277j),(423-437j),(275-547j),(101-621j),(-70-616j),(-230-580j),(-360-517j),(-474-437j),(-571-328j),(-633-196j),(-663-61j),(-655+88j),(-639+231j),(-567+345j),(-499+455j),(-409+534j),(-302+602j),(-187+640j),(-68+669j),(39+671j),(148+652j),(258+616j),(376+551j),0j,(538+406j),(595+314j),(631+198j),(661+84j),(656-29j),(655-143j),(589-258j),(544-372j),(472-461j),(390-547j),(287-614j),(151-640j),(17-641j),(-114-621j),(-252-594j),(-372-516j),(-476-422j),(-554-283j),(-612-130j),(-605+36j),(-568+211j),(-471+352j),(-341+487j),(-158+579j),(66+600j),(309+504j),(521+274j),(10246+5376j),(-11344-32640j),(1152+0j),0j
38182b2eef40,1747748074.9799461,0j,0j,0j,(-5120+5120j),(-236-537j),(-507-324j),(-602-67j),(-586+194j),(-447+384j),(-321+539j),(-139+581j),(41+611j),(204+607j),(341+510j),(449+437j),(522+325j),(611+207j),(645+95j),(670-17j),(655-143j),(630-259j),(558-369j),(486-460j),(396-518j),(335-601j),(221-630j),(130-659j),(17-676j),(-72-648j),(-173-659j),(-260-606j),(-354-582j),0j,(-506-470j),(-547-356j),(-620-289j),(-626-207j),(-675-102j),(-699-8j),(-660+106j),(-622+190j),(-599+299j),(-539+380j),(-485+479j),(-374+549j),(-287+591j),(-180+646j),(-34+622j),(81+641j),(202+594j),(327+548j),(447+449j),(502+323j),(582+161j),(563+28j),(766-153j),(445-347j),(318-492j),(106-602j),(-140-547j),(10246+5376j),(-11344-32640j),(128+0j),0j
38182b2eef40,1747748074.9827323,0j,0j,0j,(-5120+5120j),(497-414j),(36-638j),(-423-495j),(-650-108j),(-592+325j),(-271+614j),(101+670j),(454+485j),(666+180j),(646-185j),(475-491j),(191-669j),(-165-699j),(-468-537j),(-682-272j),(-728+71j),(-617+387j),(-374+635j),(-52+731j),(283+680j),(545+494j),(709+213j),(723-105j),(605-411j),(367-636j),(62-731j),(-250-679j),(-508-517j),0j,(-750+53j),(-641+370j),(-425+606j),(-139+732j),(191+710j),(484+577j),(652+298j),(735-8j),(644-311j),(444-579j),(154-725j),(-180-671j),(-477-529j),(-651-234j),(-708+80j),(-585+374j),(-310+647j),(32+685j),(358+572j),(609+342j),(622-23j),(558-399j),(293-609j),(-132-673j),(-461-353j),(-646+46j),(-439+445j),(10246+6144j),(-11088-32640j),(1152+0j),0j
38182b2eef40,1747748074.9908266,0j,0j,0j,(-5120+5120j),(-200+626j),(152+627j),(456+484j),(606+216j),(678-11j),(608-235j),(511-445j),(367-560j),(179-645j),(-14-674j),(-169-666j),(-334-626j),(-451-543j),(-569-437j),(-636-318j),(-697-181j),(-698-21j),(-744+118j),(-669+246j),(-625+381j),(-536+472j),(-453+569j),(-344+643j),(-227+692j),(-122+730j),(-12+729j),(113+730j),(241+682j),0j,(460+577j),(550+515j),(606+398j),(690+314j),(695+167j),(753+44j),(713-64j),(688-218j),(643-320j),(607-452j),(510-531j),(385-607j),(252-655j),(106-679j),(-23-711j),(-171-658j),(-331-625j),(-448-506j),(-583-374j),(-635-216j),(-647-54j),(-628+148j),(-565+342j),(-429+514j),(-214+625j),(84+636j),(384+522j),(10246+6144j),(-11088-32640j),(128+0j),0j
38182b2eef40,1747748075.0107224,0j,0j,0j,(-5120+5120j),(220+538j),(468+371j),(593+105j),(595-136j),(512-331j),(394-465j),(238-555j),(91-610j),(-61-629j),(-195-577j),(-318-526j),(-417-474j),(-511-401j),(-570-313j),(-623-224j),(-649-109j),(-661+1j),(-659+112j),(-624+199j),(-588+289j),(-555+366j),(-502+437j),(-442+511j),(-366+562j),(-303+593j),(-234+627j),(-154+651j),(-56+647j),0j,(109+678j),(173+636j),(253+614j),(324+584j),(402+536j),(479+480j),(529+394j),(570+327j),(605+245j),(638+177j),(666+96j),(669-17j),(652-109j),(607-213j),(555-309j),(498-405j),(409-484j),(303-542j),(181-595j),(50-609j),(-91-592j),(-240-542j),(-364-467j),(-486-355j),(-572-164j),(-584+68j),(-485+329j),(10246+5376j),(-11344-32640j),(128+0j),0j
38182b2eef40,1747748075.0278468,0j,0j,0j,(-5120+5120j),(-523+292j),(-116+574j),(348+473j),(616+66j),(492-357j),(145-600j),(-257-544j),(-532-285j),(-621+100j),(-448+441j),(-131+620j),(230+589j),(525+377j),(659+38j),(585-317j),(334-589j),(-15-674j),(-376-566j),(-610-299j),(-676+61j),(-559+388j),(-289+604j),(61+674j),(386+558j),(616+291j),(684-49j),(567-372j),(319-604j),0j,(-366-585j),(-577-326j),(-669+1j),(-588+326j),(-346+578j),(-24+687j),(300+572j),(576+353j),(665+19j),(580-334j),(338-574j),(-11-656j),(-344-550j),(-583-287j),(-651+57j),(-514+390j),(-211+592j),(164+610j),(457+433j),(614+76j),(546-286j),(192-521j),(-184-638j),(-532-348j),(-724+51j),(-407+433j),(89+595j),(10246+5376j),(-11344-32640j),(1152+0j),0j
38182b2eef40,1747748075.0420642,0j,0j,0j,(-5120+5120j),(387-428j),(124-571j),(-162-567j),(-359-463j),(-488-332j),(-574-178j),(-597-2j),(-575+143j),(-558+285j),(-460+379j),(-371+463j),(-294+534j),(-197+600j),(-96+625j),(-1+648j),(100+639j),(196+612j),(290+590j),(364+534j),(436+473j),(490+425j),(518+351j),(579+285j),(600+211j),(632+147j),(648+67j),(639-4j),(649-85j),0j,(616-217j),(580-289j),(580-289j),(506-406j),(457-472j),(414-523j),(321-533j),(251-581j),(175-612j),(102-635j),(16-651j),(-90-633j),(-170-601j),(-252-564j),(-343-523j),(-421-468j),(-498-381j),(-546-279j),(-587-169j),(-603-45j),(-569+84j),(-535+228j),(-458+363j),(-341+488j),(-160+554j),(58+573j),(300+474j),(10246+6912j),(-10576-32640j),(128+0j),0j
38182b2eef40,1747748075.063331,0j,0j,0j,(-5120+5120j),(-137-659j),(-469-475j),(-654-170j),(-662+155j),(-543+393j),(-369+570j),(-157+658j),(65+676j),(275+634j),(441+521j),(553+408j),(648+250j),(705+88j),(722-80j),(704-237j),(643-395j),(538-526j),(402-632j),(257-699j),(110-724j),(-23-751j),(-181-736j),(-296-681j),(-424-602j),(-520-515j),(-610-416j),(-677-301j),(-677-301j),0j,(-765+105j),(-704+241j),(-654+365j),(-581+483j),(-474+581j),(-370+657j),(-221+728j),(-87+731j),(53+736j),(193+705j),(331+663j),(462+560j),(574+452j),(656+315j),(695+158j),(720-5j),(683-181j),(613-334j),(512-479j),(348-589j),(158-661j),(-60-671j),(-272-605j),(-272-605j),(-616-259j),(-672+44j),(-540+358j),(10246+6144j),(-11088-32640j),(128+0j),0j
38182b2eef40,1747748075.0799842,0j,0j,0j,(-5120+5120j),(-623+186j),(-469+475j),(-193+635j),(88+649j),(318+590j),(496+460j),(627+282j),(672+79j),(683-92j),(634-257j),(563-391j),(486-502j),(382-615j),(258-682j),(119-718j),(4-730j),(-135-727j),(-263-692j),(-379-631j),(-477-562j),(-559-477j),(-633-409j),(-682-284j),(-724-185j),(-741-87j),(-750+20j),(-737+129j),(-694+258j),0j,(-595+434j),(-553+512j),(-465+590j),(-383+649j),(-278+688j),(-173+730j),(-60+725j),(70+727j),(166+712j),(272+698j),(376+644j),(482+546j),(544+458j),(621+346j),(685+217j),(696+83j),(709-66j),(676-198j),(594-333j),(473-430j),(403-546j),(133-659j),(-138-663j),(-296-592j),(-443-455j),(-601-278j),(-662+17j),(10246+6144j),(-11088-32640j),(1152+0j),0j
38182b2eef40,1747748075.087786,0j,0j,0j,(-5120+5120j),(-642+153j),(-357+526j),(103+647j),(493+438j),(673+43j),(601-336j),(319-604j),(-38-685j),(-391-563j),(-606-302j),(-680+16j),(-616+337j),(-397+594j),(-80+722j),(244+689j),(509+524j),(695+251j),(739-80j),(634-384j),(416-613j),(132-735j),(-174-723j),(-449-585j),(-648-353j),(-737-65j),(-702+238j),(-540+508j),(-284+667j),0j,(277+710j),(547+503j),(702+249j),(734-45j),(663-337j),(481-583j),(481-583j),(-111-739j),(-396-622j),(-623-401j),(-730-102j),(-692+223j),(-529+502j),(-273+663j),(51+688j),(354+592j),(590+392j),(690+76j),(625-250j),(432-503j),(100-623j),(-316-611j),(-655-329j),(-709+61j),(-523+447j),(-175+663j),(274+586j),(10246+6144j),(-11088-32640j),(128+0j),0j
38182b2eef40,1747748075.0977407,0j,0j,0j,(-5120+5120j),(-630-140j),(-643+218j),(-459+495j),(-205+627j),(53+670j),(283+610j),(467+482j),(588+321j),(674+143j),(686-53j),(654-210j),(594-354j),(510-484j),(407-581j),(281-670j),(131-728j),(-21-736j),(-162-719j),(-298-683j),(-412-609j),(-514-531j),(-572-442j),(-663-311j),(-705-202j),(-731-81j),(-736+42j),(-725+165j),(-681+291j),0j,(-572+485j),(-469+566j),(-384+640j),(-270+697j),(-146+742j),(-21+755j),(107+708j),(251+692j),(344+622j),(443+572j),(564+496j),(635+361j),(693+225j),(714+92j),(707-63j),(680-221j),(610-327j),(539-491j),(367-598j),(226-612j),(7-688j),(-206-613j),(-317-523j),(-566-472j),(-722-133j),(-667+166j),(-532+401j),(10246+6144j),(-11088-32640j),(1152+0j),0j
38182b2eef40,1747748075.107327,0j,0j,0j,(-5120+5120j),(-633+171j),(-417+513j),(-60+658j),(268+601j),(500+439j),(640+201j),(667-72j),(592-325j),(468-534j),(251-633j),(44-685j),(-148-678j),(-344-626j),(-505-503j),(-633-360j),(-702-188j),(-722+20j),(-723+217j),(-626+386j),(-506+528j),(-364+645j),(-205+710j),(-19+736j),(159+717j),(308+677j),(452+587j),(574+466j),(672+303j),0j,(741-20j),(716-179j),(660-337j),(581-479j),(432-597j),(281-705j),(98-704j),(-79-714j),(-238-687j),(-396-618j),(-547-509j),(-638-334j),(-696-163j),(-708+25j),(-670+222j),(-589+402j),(-440+545j),(-257+638j),(-41+694j),(187+660j),(374+548j),(539+372j),(648+149j),(666-111j),(537-379j),(295-593j),(-90-633j),(10246+6144j),(-11088-32640j),(128+0j),0j
38182b2eef40,1747748075.117269,0j,0j,0j,(-5120+5120j),(-588+250j),(-76+638j),(507+419j),(630-211j),(228-606j),(-341-580j),(-638-130j),(-549+417j),(-38+685j),(438+508j),(671+90j),(570-334j),(269-651j),(-227-672j),(-620-363j),(-713+145j),(-438+605j),(67+720j),(549+528j),(704+30j),(614-445j),(143-692j),(-347-640j),(-665-277j),(-672+132j),(-505+502j),(-107+706j),(430+606j),0j,(661-308j),(364-605j),(-108-748j),(-534-481j),(-756-31j),(-565+487j),(-119+700j),(373+620j),(640+272j),(690-133j),(501-533j),(44-714j),(-427-574j),(-706-117j),(-572+368j),(-194+701j),(326+609j),(664+241j),(628-310j),(200-638j),(-269-599j),(-610-201j),(-587+246j),(-242+614j),(310+573j),(654+66j),(382-515j),(10246+6144j),(-11088-32640j),(1152+0j),0j
38182b2eef40,1747748075.1279442,0j,0j,0j,(-5120+5120j),(646-75j),(168-605j),(-511-413j),(-604+265j),(-79+664j),(506+431j),(648-167j),(234-619j),(-369-570j),(-671-58j),(-465+488j),(65+687j),(578+414j),(697-178j),(327-646j),(-259-675j),(-684-251j),(-653+339j),(-188+708j),(399+609j),(712+115j),(568-441j),(65-725j),(-480-551j),(-739-35j),(-542+502j),(-23+734j),(514+487j),0j,(518-525j),(-43-748j),(-562-476j),(-736+83j),(-444+584j),(130+715j),(606+401j),(698-188j),(353-633j),(-204-698j),(-651-319j),(-662+270j),(-243+673j),(340+625j),(685+167j),(569-405j),(56-680j),(-493-474j),(-693+70j),(-323+593j),(237+632j),(627+149j),(456-518j),(-75-704j),(-613-265j),(-528+412j),(131+570j),(10246+6144j),(-11088-32640j),(128+0j),0j
38182b2eef40,1747748075.1378126,0j,0j,0j,(-5120+5120j),(78+642j),(466+459j),(636+113j),(610-243j),(432-490j),(171-655j),(-115-666j),(-366-570j),(-565-397j),(-652-166j),(-671+72j),(-615+286j),(-528+475j),(-350+624j),(-158+700j),(55+720j),(268+673j),(456+577j),(606+418j),(688+221j),(734+28j),(719-160j),(630-363j),(510-509j),(371-615j),(203-710j),(-5-731j),(-204-697j),0j,(-520-541j),(-638-365j),(-703-199j),(-730-16j),(-710+194j),(-640+384j),(-494+506j),(-345+633j),(-154+691j),(22+728j),(232+687j),(430+581j),(552+440j),(660+261j),(694+37j),(680-189j),(578-376j),(424-542j),(209-675j),(-69-628j),(-241-590j),(-445-420j),(-536-260j),(-536+110j),(-507+250j),(-341+594j),(91+645j),(10246+6144j),(-11088-32640j),(1152+0j),0j
38182b2eef40,1747748075.14986,0j,0j,0j,(-5120+5120j),(83+645j),(474+453j),(635+89j),(587-261j),(399-532j),(124-643j),(-183-645j),(-435-497j),(-618-314j),(-653-54j),(-637+191j),(-535+421j),(-377+593j),(-160+686j),(63+704j),(281+662j),(484+521j),(644+376j),(700+154j),(720-79j),(674-276j),(554-443j),(403-606j),(218-679j),(2-733j),(-198-705j),(-385-606j),(-543-449j),0j,(-709-122j),(-735+88j),(-666+286j),(-575+476j),(-395+612j),(-227+715j),(4+688j),(214+679j),(395+589j),(580+457j),(685+269j),(702+31j),(672-178j),(563-360j),(457-547j),(242-642j),(17-707j),(-241-647j),(-459-520j),(-582-305j),(-678-67j),(-610+206j),(-462+443j),(-228+628j),(95+627j),(414+480j),(629+147j),(10246+6144j),(-11088-32640j),(128+0j),0j
38182b2eef40,1747748075.1582656,0j,0j,0j,(-5120+5120j),(-155+640j),(202+619j),(486+426j),(486+426j),(641-79j),(569-301j),(438-486j),(255-599j),(66-679j),(-125-658j),(-283-609j),(-426-532j),(-561-428j),(-639-293j),(-689-137j),(-705+23j),(-693+174j),(-655+310j),(-575+435j),(-466+548j),(-355+640j),(-240+690j),(-88+713j),(39+703j),(166+697j),(286+670j),(396+597j),(512+513j),0j,(639+324j),(687+211j),(726+79j),(733-51j),(706-195j),(664-322j),(575-410j),(472-530j),(365-593j),(248-677j),(127-718j),(-32-708j),(-178-673j),(-309-601j),(-435-530j),(-546-426j),(-633-272j),(-676-105j),(-669+67j),(-613+230j),(-523+401j),(-363+528j),(-172+615j),(50+659j),(289+569j),(506+381j),(617+89j),(10246+6144j),(-11088-32640j),(128+0j),0j
38182b2eef40,1747748075.167703,0j,0j,0j,(-5120+5120j),(458-432j),(213-599j),(-47-625j),(-297-569j),(-474-439j),(-613-277j),(-647-108j),(-653+51j),(-630+210j),(-560+342j),(-491+445j),(-418+528j),(-332+602j),(-241+654j),(-144+700j),(-37+714j),(69+711j),(177+695j),(264+661j),(360+614j),(431+571j),(473+522j),(561+445j),(606+373j),(641+314j),(663+232j),(683+169j),(708+81j),0j,(742-66j),(700-130j),(688-208j),(668-284j),(625-369j),(581-448j),(501-484j),(441-561j),(368-601j),(301-635j),(215-674j),(118-682j),(41-701j),(-74-687j),(-169-653j),(-271-628j),(-369-578j),(-488-456j),(-548-395j),(-638-247j),(-609-107j),(-640+56j),(-690+123j),(-510+355j),(-393+485j),(-162+579j),(76+593j),(10246+6144j),(-11088-32640j),(128+0j),0j
38182b2eef40,1747748075.1776967,0j,0j,0j,(-5120+5120j),(73-599j),(-312-558j),(-564-283j),(-624+30j),(-540+318j),(-359+539j),(-104+650j),(160+626j),(374+532j),(535+367j),(636+164j),(663-53j),(626-267j),(515-460j),(355-598j),(164-681j),(-37-695j),(-228-667j),(-407-579j),(-547-441j),(-644-281j),(-697-92j),(-696+91j),(-642+268j),(-554+426j),(-421+562j),(-258+655j),(-72+694j),0j,(253+666j),(425+566j),(555+445j),(645+289j),(698+121j),(714-64j),(630-244j),(560-403j),(428-543j),(266-640j),(82-696j),(-137-665j),(-302-585j),(-460-494j),(-580-342j),(-658-141j),(-660+94j),(-591+294j),(-485+452j),(-301+605j),(-72+654j),(146+625j),(407+509j),(509+206j),(531-8j),(524-308j),(246-578j),(10246+6144j),(-11088-32640j),(1152+0j),0j
38182b2eef40,1747748075.1877825,0j,0j,0j,(-5120+5120j),(-182+591j),(357+486j),(606+7j),(399-468j),(-93-623j),(-519-378j),(-634+95j),(-395+501j),(22+639j),(426+468j),(639+91j),(569-333j),(239-622j),(-203-646j),(-553-406j),(-690+5j),(-555+426j),(-201+671j),(222+655j),(563+396j),(696-2j),(566-384j),(240-645j),(-175-667j),(-534-447j),(-698-62j),(-605+348j),(-295+626j),0j,(457+505j),(683+156j),(645-258j),(387-578j),(-13-701j),(-408-574j),(-646-218j),(-652+186j),(-421+542j),(-33+690j),(365+574j),(633+253j),(660-172j),(660-172j),(17-669j),(-387-536j),(-612-181j),(-564+266j),(-302+563j),(110+611j),(468+375j),(673-69j),(479-484j),(20-614j),(-473-378j),(-586+92j),(-277+493j),(10246+6144j),(-11088-32640j),(1152+0j),0j
38182b2eef40,1747748075.1978517,0j,0j,0j,(-5120+5120j),(531+212j),(469-353j),(-63-595j),(-534-301j),(-583+214j),(-236+575j),(261+568j),(587+195j),(571-268j),(227-582j),(-224-581j),(-560-298j),(-639+138j),(-408+525j),(24+669j),(445+497j),(668+99j),(577-360j),(214-646j),(-237-634j),(-577-353j),(-658+81j),(-477+475j),(-90+665j),(327+585j),(612+272j),(650-156j),(394-533j),0j,(-389-542j),(-658-178j),(-632+259j),(-349+589j),(79+679j),(475+484j),(664+91j),(560-349j),(223-620j),(-198-630j),(-536-385j),(-654+35j),(-467+444j),(-63+631j),(351+524j),(612+185j),(585-265j),(250-581j),(-206-582j),(-542-264j),(-579+150j),(-209+515j),(181+531j),(515+326j),(632-156j),(225-595j),(-398-453j),(10246+6144j),(-11344-32640j),(1152+0j),0j
38182b2eef40,1747748075.207282,0j,0j,0j,(-5120+5120j),(597-89j),(457-400j),(172-559j),(-123-576j),(-355-481j),(-518-316j),(-616-100j),(-595+107j),(-537+306j),(-394+457j),(-263+555j),(-95+622j),(63+638j),(230+610j),(367+537j),(490+445j),(580+312j),(653+162j),(661-2j),(643-149j),(594-292j),(517-418j),(409-525j),(287-597j),(157-637j),(27-659j),(-110-650j),(-259-601j),0j,(-479-464j),(-553-372j),(-612-240j),(-651-101j),(-651+41j),(-647+186j),(-548+296j),(-487+421j),(-388+514j),(-272+600j),(-125+638j),(37+634j),(170+605j),(315+534j),(429+453j),(532+319j),(604+160j),(627-12j),(571-177j),(496-332j),(356-450j),(167-513j),(28-542j),(-149-486j),(-437-433j),(-538-126j),(-554+160j),(10246+6144j),(-11344-32640j),(1152+0j),0j
38182b2eef40,1747748075.217672,0j,0j,0j,(-5120+5120j),(-552+139j),(-373+427j),(-63+579j),(258+537j),(467+379j),(579+133j),(578-131j),(508-330j),(338-508j),(138-601j),(-69-610j),(-261-561j),(-430-471j),(-555-324j),(-626-131j),(-645+53j),(-608+238j),(-532+409j),(-393+530j),(-220+624j),(-47+659j),(102+642j),(282+589j),(421+494j),(540+362j),(620+218j),(651+57j),(644-119j),0j,(524-407j),(391-532j),(238-598j),(91-653j),(-74-638j),(-249-618j),(-353-499j),(-508-389j),(-578-243j),(-638-73j),(-646+83j),(-580+254j),(-476+407j),(-326+514j),(-159+597j),(30+613j),(201+571j),(368+444j),(368+444j),(563+127j),(564-34j),(451-190j),(300-419j),(50-566j),(-196-610j),(-418-423j),(-553-90j),(10246+6144j),(-11344-32640j),(1152+0j),0j
38182b2eef40,1747748075.2282858,0j,0j,0j,(-5120+5120j),(-65+582j),(245+543j),(463+359j),(581+149j),(593-60j),(561-234j),(455-392j),(339-498j),(205-598j),(52-605j),(-70-610j),(-183-595j),(-290-575j),(-391-520j),(-491-457j),(-550-371j),(-599-261j),(-654-150j),(-655-47j),(-649+53j),(-648+146j),(-625+227j),(-573+306j),(-522+390j),(-481+440j),(-415+505j),(-348+544j),(-257+596j),0j,(-110+654j),(-110+654j),(59+653j),(139+642j),(227+604j),(306+589j),(364+508j),(445+453j),(496+395j),(557+334j),(599+249j),(614+136j),(615+42j),(619-57j),(587-162j),(553-270j),(495-365j),(390-446j),(300-521j),(172-559j),(39-572j),(-113-551j),(-254-508j),(-391-416j),(-509-251j),(-567-38j),(-497+218j),(10246+6144j),(-11344-32640j),(128+0j),0j
38182b2eef40,1747748075.238297,0j,0j,0j,(-5120+5120j),(-481-243j),(-546+42j),(-450+319j),(-260+490j),(-49+548j),(145+531j),(317+457j),(443+348j),(542+185j),(567+27j),(556-119j),(520-252j),(458-371j),(368-468j),(263-542j),(134-595j),(-3-614j),(-135-596j),(-252-547j),(-349-489j),(-438-428j),(-497-338j),(-562-222j),(-586-117j),(-598-17j),(-599+85j),(-572+187j),(-527+298j),0j,(-395+473j),(-308+505j),(-211+558j),(-105+592j),(4+607j),(114+598j),(211+544j),(309+498j),(395+429j),(471+355j),(530+259j),(565+144j),(571+18j),(552-104j),(516-215j),(455-322j),(363-421j),(245-493j),(107-533j),(-41-533j),(-165-481j),(-319-407j),(-431-289j),(-507-135j),(-518+70j),(-427+291j),(-219+456j),(10246+5376j),(-11600-32640j),(128+0j),0j
38182b2eef40,1747748075.250251,0j,0j,0j,(-5120+5120j),(-558+62j),(-446+324j),(-254+484j),(-10+532j),(148+557j),(329+450j),(470+350j),(525+225j),(598+64j),(566-93j),(535-188j),(509-319j),(444-424j),(362-496j),(270-533j),(178-588j),(55-587j),(-23-653j),(-123-589j),(-240-585j),(-301-534j),(-378-497j),(-452-425j),(-487-366j),(-560-285j),(-579-214j),(-595-124j),(-589-36j),0j,(-594+126j),(-583+198j),(-534+249j),(-514+349j),(-433+403j),(-392+477j),(-314+496j),(-234+551j),(-150+559j),(-74+604j),(21+602j),(115+559j),(200+525j),(271+460j),(365+449j),(410+358j),(509+272j),(528+145j),(563+43j),(540-81j),(486-210j),(418-310j),(320-439j),(160-496j),(-17-509j),(-219-446j),(-404-328j),(10246+5376j),(-11344-32640j),(128+0j),0j
38182b2eef40,1747748075.267716,0j,0j,0j,(-5120+5120j),(649+425j),(777+53j),(719-333j),(523-597j),(297-739j),(57-818j),(-175-780j),(-348-721j),(-540-619j),(-656-461j),(-756-317j),(-818-172j),(-860-12j),(-860-12j),(-821+277j),(-767+419j),(-686+530j),(-605+657j),(-485+732j),(-358+783j),(-273+834j),(-134+844j),(-19+866j),(89+849j),(211+843j),(299+816j),(404+757j),(506+680j),0j,(672+572j),(716+483j),(784+385j),(807+259j),(825+152j),(850+61j),(832-69j),(813-155j),(775-294j),(746-393j),(682-496j),(581-586j),(483-653j),(371-715j),(229-757j),(111-816j),(-46-787j),(-204-746j),(-351-692j),(-482-588j),(-592-450j),(-678-285j),(-726-101j),(-719+137j),(-636+371j),(-439+591j),(-132+696j),(10246+5376j),(-11600-32640j),(128+0j),0j
38182b2eef40,1747748075.2782185,0j,0j,0j,(-5120+5120j),(539+571j),(763+159j),(734-257j),(529-560j),(249-761j),(-39-780j),(-326-734j),(-529-573j),(-720-376j),(-792-135j),(-804+81j),(-804+81j),(-674+489j),(-544+644j),(-357+759j),(-182+820j),(32+809j),(235+854j),(399+730j),(579+639j),(676+501j),(782+353j),(836+177j),(840-9j),(849-178j),(790-343j),(704-481j),(558-612j),0j,(312-784j),(145-837j),(-28-827j),(-194-833j),(-336-745j),(-513-710j),(-602-534j),(-730-411j),(-779-243j),(-837-76j),(-825+100j),(-775+300j),(-680+457j),(-524+564j),(-402+684j),(-204+743j),(11+791j),(207+735j),(394+664j),(555+482j),(663+294j),(712+51j),(709-199j),(596-438j),(355-630j),(32-702j),(-348-629j),(10246+5376j),(-11600-32640j),(128+0j),0j
38182b2eef40,1747748075.2818344,0j,0j,0j,(-5120+5120j),(-693+179j),(-462+565j),(-107+701j),(235+668j),(472+534j),(644+307j),(725+53j),(676-206j),(618-413j),(449-581j),(284-670j),(87-739j),(-102-748j),(-291-707j),(-452-633j),(-593-507j),(-693-341j),(-786-183j),(-777+1j),(-754+194j),(-709+323j),(-637+488j),(-513+595j),(-368+666j),(-220+756j),(-77+774j),(84+760j),(256+746j),0j,(501+588j),(615+480j),(679+345j),(746+200j),(745+43j),(782-109j),(675-248j),(626-396j),(529-519j),(421-629j),(284-707j),(108-717j),(-64-739j),(-222-677j),(-384-609j),(-518-486j),(-630-340j),(-677-139j),(-700+32j),(-623+255j),(-515+401j),(-352+561j),(-157+651j),(89+667j),(340+558j),(553+340j),(641+9j),(10246+6912j),(-10832-32640j),(128+0j),0j
38182b2eef40,1747748075.2997487,0j,0j,0j,(-5120+5120j),(316+663j),(617+443j),(736+105j),(725-213j),(608-453j),(438-628j),(230-725j),(47-771j),(-165-776j),(-348-690j),(-466-609j),(-592-509j),(-708-415j),(-779-290j),(-829-150j),(-846-22j),(-827+138j),(-791+283j),(-738+417j),(-645+514j),(-593+613j),(-468+666j),(-376+742j),(-273+790j),(-181+804j),(-79+834j),(24+830j),(172+821j),0j,(364+777j),(437+688j),(530+634j),(614+554j),(687+472j),(750+390j),(770+257j),(815+146j),(814+22j),(812-85j),(802-200j),(744-318j),(682-421j),(591-533j),(470-617j),(369-707j),(219-754j),(60-776j),(-98-771j),(-268-707j),(-414-603j),(-546-473j),(-648-310j),(-729-95j),(-696+163j),(-576+429j),(-330+639j),(10246+5376j),(-11600-32640j),(128+0j),0j
38182b2eef40,1747748075.3082113,0j,0j,0j,(-5120+5120j),(-388-631j),(-713-244j),(-733+269j),(-462+627j),(-63+778j),(341+713j),(615+480j),(760+161j),(790-206j),(619-505j),(364-710j),(69-800j),(-240-780j),(-508-647j),(-718-430j),(-839-149j),(-824+153j),(-744+446j),(-532+668j),(-277+807j),(3+860j),(264+794j),(517+662j),(722+473j),(842+221j),(864-44j),(781-316j),(614-555j),0j,(199-839j),(-89-856j),(-358-777j),(-565-630j),(-729-403j),(-842-153j),(-808+129j),(-735+400j),(-564+612j),(-336+766j),(-58+851j),(226+794j),(491+671j),(676+433j),(785+166j),(790-122j),(681-412j),(469-639j),(176-762j),(-152-759j),(-435-621j),(-646-361j),(-758-38j),(-682+324j),(-413+623j),(11+734j),(462+561j),(10246+5376j),(-11600-32640j),(1152+0j),0j
38182b2eef40,1747748075.3175924,0j,0j,0j,(-5120+5120j),(24+539j),(360+415j),(518+141j),(512-144j),(390-374j),(212-508j),(-21-551j),(-243-512j),(-396-406j),(-516-228j),(-560-64j),(-563+134j),(-498+312j),(-392+453j),(-239+553j),(-66+593j),(93+599j),(263+555j),(415+458j),(509+316j),(574+181j),(599+36j),(590-139j),(543-272j),(456-408j),(340-512j),(199-577j),(32-585j),0j,(-249-565j),(-370-478j),(-482-360j),(-556-240j),(-594-91j),(-605+64j),(-569+207j),(-471+355j),(-368+447j),(-236+557j),(-78+607j),(94+586j),(241+530j),(364+440j),(478+299j),(550+145j),(563-14j),(512-200j),(435-371j),(261-393j),(85-523j),(-145-532j),(-393-270j),(-442-257j),(-442-257j),(-515+283j),(-264+447j),(10246+5376j),(-11344-32640j),(128+0j),0j
38182b2eef40,1747748075.3281772,0j,0j,0j,(-5120+5120j),(-111+528j),(195+520j),(410+371j),(517+180j),(566-12j),(547-175j),(458-328j),(367-431j),(266-521j),(125-560j),(22-584j),(-99-593j),(-203-571j),(-302-528j),(-395-474j),(-475-408j),(-520-316j),(-586-236j),(-607-146j),(-611-50j),(-620+40j),(-611+114j),(-575+191j),(-557+277j),(-522+343j),(-479+410j),(-420+449j),(-345+491j),0j,(-223+581j),(-148+602j),(-81+602j),(-3+618j),(86+610j),(156+613j),(226+545j),(312+531j),(370+480j),(435+426j),(490+372j),(536+268j),(558+187j),(577+92j),(582-1j),(569-101j),(541-210j),(479-305j),(407-397j),(293-452j),(177-509j),(45-529j),(-102-532j),(-247-485j),(-385-353j),(-488-179j),(-533+58j),(10246+5376j),(-11344-32640j),(128+0j),0j
38182b2eef40,1747748075.3381314,0j,0j,0j,(-5120+5120j),(552+124j),(530-193j),(372-434j),(137-569j),(-98-557j),(-284-514j),(-430-384j),(-523-223j),(-587-65j),(-575+100j),(-534+237j),(-465+361j),(-383+457j),(-286+548j),(-166+602j),(-44+641j),(99+625j),(239+575j),(352+523j),(426+436j),(517+370j),(585+255j),(602+148j),(620+25j),(608-60j),(610-159j),(563-260j),(507-362j),0j,(371-531j),(257-548j),(160-596j),(67-609j),(-48-622j),(-158-610j),(-254-536j),(-347-492j),(-434-420j),(-494-339j),(-559-247j),(-583-116j),(-603-7j),(-578+126j),(-513+242j),(-462+354j),(-361+441j),(-244+508j),(-110+565j),(43+538j),(181+484j),(330+422j),(433+306j),(519+141j),(537-64j),(446-285j),(244-457j),(10246+5376j),(-11344-32640j),(128+0j),0j
38182b2eef40,1747748075.3525338,0j,0j,0j,(-5120+5120j),(-425-339j),(-544-101j),(-533+153j),(-441+357j),(-303+475j),(-169+547j),(4+577j),(150+540j),(288+495j),(385+406j),(468+338j),(536+235j),(570+149j),(603+55j),(611-37j),(615-132j),(569-220j),(548-297j),(489-368j),(430-430j),(369-485j),(312-477j),(228-566j),(155-583j),(88-605j),(17-606j),(-53-603j),(-119-579j),0j,(-266-567j),(-304-530j),(-367-488j),(-420-444j),(-469-379j),(-512-327j),(-535-254j),(-574-182j),(-585-102j),(-598-12j),(-583+53j),(-559+138j),(-545+205j),(-491+284j),(-453+346j),(-382+415j),(-308+468j),(-188+506j),(-87+524j),(23+539j),(147+478j),(266+454j),(368+364j),(446+250j),(516+88j),(490-117j),(387-302j),(10246+5376j),(-11344-32640j),(128+0j),0j
38182b2eef40,1747748075.3611348,0j,0j,0j,(-5120+5120j),(-351-636j),(-637-347j),(-731+17j),(-653+350j),(-479+574j),(-247+692j),(10+748j),(256+711j),(454+617j),(604+449j),(697+288j),(745+115j),(790-58j),(751-220j),(682-398j),(591-534j),(452-650j),(324-753j),(162-772j),(-5-798j),(-149-785j),(-276-721j),(-439-670j),(-535-570j),(-636-469j),(-709-374j),(-750-229j),(-789-74j),0j,(-766+184j),(-734+305j),(-659+433j),(-579+542j),(-461+647j),(-351+737j),(-165+698j),(-47+774j),(87+749j),(236+744j),(366+700j),(490+581j),(592+460j),(660+316j),(721+168j),(739+8j),(713-163j),(644-334j),(543-491j),(370-603j),(181-669j),(-23-677j),(-239-638j),(-441-539j),(-588-319j),(-659-23j),(-575+298j),(10246+6912j),(-10832-32640j),(1152+0j),0j
38182b2eef40,1747748075.3781188,0j,0j,0j,(-5120+5120j),(539-175j),(357-440j),(89-566j),(-162-553j),(-364-443j),(-501-299j),(-568-108j),(-583+60j),(-553+224j),(-456+371j),(-350+468j),(-229+553j),(-102+603j),(27+618j),(168+605j),(289+556j),(395+483j),(487+391j),(556+283j),(594+164j),(634+74j),(628-54j),(605-152j),(561-257j),(512-354j),(447-439j),(367-499j),(260-558j),0j,(80-624j),(-48-614j),(-151-609j),(-243-571j),(-340-527j),(-430-463j),(-477-367j),(-543-265j),(-583-151j),(-601-64j),(-612+65j),(-567+185j),(-525+290j),(-444+386j),(-346+469j),(-237+535j),(-106+564j),(34+580j),(169+542j),(296+472j),(395+365j),(477+226j),(530+62j),(526-120j),(424-304j),(252-470j),(5-529j),(10246+5376j),(-11344-32640j),(128+0j),0j
38182b2eef40,1747748075.3931518,0j,0j,0j,(-5120+5120j),(541-269j),(297-514j),(-11-596j),(-287-525j),(-474-363j),(-589-170j),(-599+44j),(-548+233j),(-465+424j),(-304+530j),(-160+587j),(-10+629j),(142+618j),(294+565j),(423+493j),(537+385j),(605+244j),(651+102j),(651-38j),(619-180j),(571-312j),(500-417j),(391-514j),(279-583j),(183-627j),(61-656j),(-70-647j),(-199-626j),0j,(-423-495j),(-502-404j),(-564-307j),(-620-194j),(-647-59j),(-656+77j),(-593+196j),(-546+318j),(-470+416j),(-386+502j),(-271+575j),(-132+609j),(4+616j),(144+583j),(274+532j),(391+443j),(491+336j),(553+181j),(579+29j),(555-137j),(480-265j),(353-407j),(199-505j),(12-539j),(-207-489j),(-399-339j),(-510-85j),(10246+5376j),(-11344-32640j),(128+0j),0j
38182b2eef40,1747748075.408153,0j,0j,0j,(-5120+5120j),(334+477j),(549+241j),(593-26j),(540-279j),(417-424j),(272-535j),(113-587j),(-55-606j),(-192-599j),(-313-521j),(-413-447j),(-503-359j),(-571-267j),(-608-178j),(-638-69j),(-650+27j),(-629+140j),(-608+245j),(-562+326j),(-502+396j),(-463+456j),(-379+499j),(-318+566j),(-245+598j),(-165+613j),(-93+635j),(-15+629j),(71+647j),0j,(223+620j),(283+568j),(353+528j),(411+493j),(474+427j),(513+379j),(535+286j),(581+226j),(602+144j),(624+60j),(627-26j),(604-125j),(576-204j),(530-277j),(465-364j),(409-443j),(311-501j),(191-551j),(94-565j),(-32-565j),(-157-517j),(-274-473j),(-389-368j),(-487-260j),(-531-75j),(-523+141j),(-410+340j),(10246+5376j),(-11344-32640j),(128+0j),0j
38182b2eef40,1747748075.4184248,0j,0j,0j,(-5120+5120j),(393+428j),(585+60j),(493-339j),(183-583j),(-174-589j),(-466-400j),(-601-99j),(-581+211j),(-402+451j),(-156+592j),(128+605j),(387+497j),(558+296j),(639+45j),(609-224j),(471-466j),(248-613j),(-11-668j),(-269-609j),(-492-454j),(-620-232j),(-651+40j),(-609+263j),(-463+473j),(-260+601j),(-21+652j),(211+615j),(452+474j),0j,(667+88j),(641-160j),(533-384j),(353-556j),(119-641j),(-127-641j),(-343-529j),(-528-370j),(-625-146j),(-636+107j),(-541+335j),(-362+513j),(-128+605j),(126+598j),(350+497j),(518+310j),(599+69j),(566-198j),(419-422j),(180-553j),(-111-555j),(-353-445j),(-532-210j),(-561+101j),(-409+391j),(-84+548j),(278+468j),(10246+5376j),(-11344-32640j),(1152+0j),0j
38182b2eef40,1747748075.4281476,0j,0j,0j,(-5120+5120j),(-457-403j),(-610-53j),(-541+278j),(-334+512j),(-93+606j),(155+606j),(369+507j),(506+356j),(631+163j),(627-56j),(592-247j),(511-402j),(393-527j),(242-618j),(81-668j),(-103-665j),(-267-614j),(-423-545j),(-525-431j),(-625-280j),(-675-131j),(-655+10j),(-653+186j),(-602+323j),(-517+442j),(-410+527j),(-286+614j),(-139+659j),0j,(143+676j),(290+614j),(406+536j),(519+449j),(592+321j),(655+186j),(637+22j),(652-132j),(596-268j),(542-405j),(437-515j),(287-591j),(139-631j),(-27-627j),(-187-604j),(-333-524j),(-478-415j),(-548-245j),(-612-77j),(-595+112j),(-514+279j),(-386+445j),(-212+559j),(19+595j),(258+527j),(473+345j),(577+33j),(10246+5376j),(-11088-32640j),(128+0j),0j
38182b2eef40,1747748075.4392216,0j,0j,0j,(-5120+5120j),(321+540j),(582+262j),(640-92j),(540-374j),(329-552j),(97-645j),(-142-623j),(-353-545j),(-525-419j),(-608-222j),(-656-60j),(-652+127j),(-615+312j),(-511+449j),(-382+571j),(-245+655j),(-87+696j),(81+710j),(238+650j),(369+584j),(490+498j),(581+364j),(648+246j),(687+104j),(700-44j),(681-184j),(633-313j),(535-438j),0j,(344-614j),(206-663j),(77-701j),(-75-696j),(-217-655j),(-347-608j),(-462-495j),(-549-402j),(-605-270j),(-673-122j),(-687+28j),(-643+186j),(-582+317j),(-488+432j),(-352+529j),(-224+613j),(-37+633j),(129+615j),(288+560j),(435+435j),(533+272j),(588+77j),(578-126j),(503-343j),(316-509j),(58-597j),(-244-526j),(10246+5376j),(-11088-32640j),(128+0j),0j
38182b2eef40,1747748075.4482393,0j,0j,0j,(-5120+5120j),(-574+244j),(-323+549j),(26+634j),(334+543j),(520+352j),(636+121j),(634-123j),(534-343j),(417-519j),(229-596j),(32-651j),(-145-653j),(-327-594j),(-467-483j),(-584-360j),(-662-208j),(-687-28j),(-695+166j),(-607+313j),(-512+455j),(-403+557j),(-266+624j),(-115+682j),(40+688j),(183+667j),(323+615j),(444+527j),(546+408j),0j,(670+135j),(690+7j),(666-143j),(620-284j),(532-412j),(442-537j),(293-587j),(157-646j),(-5-670j),(-144-672j),(-295-615j),(-428-514j),(-528-386j),(-599-239j),(-639-64j),(-637+111j),(-572+281j),(-464+412j),(-322+531j),(-144+595j),(65+597j),(253+536j),(429+429j),(550+220j),(593-28j),(506-321j),(261-526j),(10246+5376j),(-11088-32640j),(128+0j),0j
38182b2eef40,1747748075.4591002,0j,0j,0j,(-5120+5120j),(618+78j),(539-267j),(315-524j),(53-614j),(-219-582j),(-418-472j),(-553-287j),(-613-85j),(-633+116j),(-550+298j),(-450+436j),(-324+560j),(-171+634j),(-10+657j),(153+647j),(299+601j),(441+511j),(550+398j),(618+269j),(649+119j),(677-21j),(666-156j),(611-281j),(531-405j),(445-501j),(339-583j),(214-631j),(87-659j),0j,(-178-650j),(-311-595j),(-417-529j),(-505-436j),(-584-322j),(-649-204j),(-656-55j),(-657+73j),(-624+217j),(-571+341j),(-482+457j),(-362+543j),(-217+611j),(-72+631j),(93+631j),(245+589j),(385+504j),(488+370j),(581+231j),(614+45j),(563-131j),(499-307j),(365-458j),(171-566j),(-80-574j),(-335-489j),(-516-241j),(10246+5376j),(-11344-32640j),(1152+0j),0j
38182b2eef40,1747748075.4684966,0j,0j,0j,(-5120+5120j),(314+484j),(545+236j),(589-65j),(517-311j),(376-477j),(182-582j),(-15-605j),(-202-571j),(-346-517j),(-466-383j),(-552-268j),(-605-116j),(-651+24j),(-616+163j),(-581+289j),(-581+289j),(-433+498j),(-342+574j),(-219+617j),(-99+643j),(14+669j),(133+661j),(238+622j),(329+568j),(431+504j),(518+431j),(579+326j),(629+221j),0j,(670+30j),(649-71j),(629-183j),(598-277j),(541-381j),(488-463j),(383-514j),(279-580j),(183-619j),(51-652j),(-72-653j),(-204-612j),(-305-557j),(-402-488j),(-482-393j),(-561-280j),(-601-149j),(-613-3j),(-597+135j),(-523+281j),(-417+425j),(-282+502j),(-103+562j),(97+581j),(304+501j),(478+331j),(565+58j),(10246+5376j),(-11344-32640j),(128+0j),0j
38182b2eef40,1747748075.479011,0j,0j,0j,(-5120+5120j),(346+479j),(543+206j),(587-109j),(479-375j),(279-522j),(73-601j),(-135-582j),(-318-508j),(-476-399j),(-556-231j),(-602-67j),(-603+93j),(-582+253j),(-507+382j),(-409+490j),(-306+580j),(-163+639j),(-6+664j),(143+640j),(269+587j),(388+534j),(484+451j),(553+339j),(614+210j),(642+95j),(660-28j),(639-156j),(597-287j),0j,(458-478j),(343-557j),(239-616j),(112-647j),(-9-661j),(-136-659j),(-243-568j),(-373-527j),(-463-434j),(-552-346j),(-622-223j),(-644-64j),(-633+75j),(-590+218j),(-519+347j),(-433+469j),(-294+545j),(-141+588j),(15+600j),(187+558j),(187+558j),(475+321j),(554+151j),(570-62j),(505-272j),(324-473j),(50-552j),(10246+5376j),(-11344-32640j),(128+0j),0j
38182b2eef40,1747748075.4881597,0j,0j,0j,(-5120+5120j),(181+570j),(427+412j),(575+140j),(572-161j),(444-400j),(252-545j),(40-603j),(-162-576j),(-350-495j),(-485-359j),(-572-202j),(-616-38j),(-616+134j),(-566+297j),(-475+437j),(-354+544j),(-212+618j),(-56+656j),(103+650j),(253+605j),(381+527j),(496+436j),(568+318j),(626+190j),(656+50j),(653-98j),(615-239j),(541-354j),0j,(358-561j),(224-608j),(90-639j),(-50-643j),(-187-618j),(-316-565j),(-425-462j),(-529-373j),(-597-245j),(-633-102j),(-633+46j),(-601+192j),(-533+330j),(-433+451j),(-301+546j),(-141+603j),(32+611j),(197+568j),(346+480j),(469+350j),(542+185j),(571-10j),(526-210j),(399-394j),(188-519j),(-74-535j),(-311-424j),(10246+5376j),(-11344-32640j),(1152+0j),0j
38182b2eef40,1747748075.4996238,0j,0j,0j,(-5120+5120j),(142+563j),(424+407j),(569+159j),(584-101j),(511-308j),(383-450j),(214-568j),(47-582j),(-125-605j),(-268-537j),(-392-468j),(-490-376j),(-567-280j),(-615-166j),(-643-41j),(-634+81j),(-601+208j),(-576+319j),(-488+410j),(-408+495j),(-327+569j),(-231+604j),(-119+639j),(-27+639j),(65+649j),(164+631j),(253+589j),(343+535j),0j,(502+432j),(544+336j),(584+249j),(616+158j),(634+66j),(634+66j),(596-134j),(566-247j),(517-330j),(477-415j),(406-484j),(295-545j),(191-570j),(79-587j),(-36-599j),(-152-577j),(-279-520j),(-397-443j),(-479-337j),(-519-205j),(-564-62j),(-543+79j),(-495+253j),(-411+388j),(-234+494j),557j,(247+488j),(10246+5376j),(-11344-32640j),(1152+0j),0j
38182b2eef40,1747748075.5065928,0j,0j,0j,(-5120+5120j),(297+502j),(517+256j),(581-48j),(486-305j),(326-483j),(120-579j),(-95-587j),(-272-519j),(-450-411j),(-540-255j),(-594-104j),(-618+51j),(-579+205j),(-518+339j),(-440+455j),(-320+549j),(-182+615j),(-43+647j),(109+632j),(247+592j),(363+537j),(442+441j),(546+327j),(593+224j),(628+108j),(643-13j),(627-129j),(578-253j),0j,(449-467j),(349-528j),(237-589j),(116-618j),(-12-625j),(-140-622j),(-244-551j),(-362-482j),(-466-412j),(-546-318j),(-581-201j),(-605-69j),(-607+83j),(-558+213j),(-490+338j),(-401+449j),(-260+505j),(-120+564j),(26+578j),(198+517j),(294+449j),(417+405j),(552+128j),(564-106j),(463-281j),(298-473j),(23-529j),(10246+5376j),(-11344-32640j),(1152+0j),0j
38182b2eef40,1747748075.5196252,0j,0j,0j,(-5120+5120j),(480-300j),(260-504j),(-27-564j),(-271-500j),(-450-389j),(-537-226j),(-579-37j),(-562+135j),(-523+264j),(-429+412j),(-315+475j),(-194+547j),(-96+616j),(33+622j),(182+619j),(275+568j),(373+507j),(474+450j),(523+341j),(573+241j),(611+168j),(630+54j),(633-69j),(603-163j),(576-260j),(533-333j),(467-394j),(417-462j),0j,(265-590j),(155-588j),(66-608j),(-30-620j),(-130-617j),(-215-591j),(-299-528j),(-385-480j),(-450-403j),(-522-330j),(-571-244j),(-585-125j),(-587-22j),(-573+82j),(-544+195j),(-503+294j),(-420+388j),(-316+476j),(-202+529j),(-59+546j),(75+532j),(217+494j),(365+410j),(480+278j),(528+81j),(513-146j),(388-369j),(10246+5376j),(-11344-32640j),(1152+0j),0j
38182b2eef40,1747748075.5266545,0j,0j,0j,(-5120+5120j),(518-296j),(153-551j),(-237-515j),(-510-239j),(-567+89j),(-422+397j),(-151+570j),(151+563j),(417+420j),(571+170j),(584-106j),(481-364j),(271-543j),(12-605j),(-240-559j),(-453-415j),(-591-183j),(-624+78j),(-535+321j),(-364+519j),(-133+613j),(124+621j),(355+521j),(520+343j),(617+126j),(616-118j),(520-348j),(334-495j),0j,(-106-607j),(-332-519j),(-509-350j),(-599-133j),(-605+116j),(-519+342j),(-319+493j),(-105+605j),(128+589j),(357+494j),(520+324j),(592+61j),(567-185j),(413-384j),(233-531j),(-11-565j),(-278-528j),(-466-338j),(-558-72j),(-531+170j),(-358+443j),(-91+548j),(162+457j),(406+281j),(500+79j),(414-312j),(145-507j),(10246+5376j),(-11344-32640j),(128+0j),0j
38182b2eef40,1747748075.539251,0j,0j,0j,(-5120+5120j),(-411+406j),(-125+559j),(200+545j),(424+384j),(543+183j),(587-32j),(536-224j),(428-399j),(282-537j),(101-577j),(101-577j),(-218-562j),(-355-498j),(-467-390j),(-561-275j),(-607-143j),(-621+20j),(-610+159j),(-551+288j),(-470+396j),(-383+504j),(-258+572j),(-130+610j),(-7+621j),(102+612j),(217+590j),(336+523j),(443+447j),0j,(584+244j),(615+123j),(628-1j),(616-115j),(574-249j),(518-364j),(412-446j),(298-528j),(187-570j),(80-600j),(-57-616j),(-192-577j),(-307-507j),(-419-417j),(-500-298j),(-559-163j),(-575-17j),(-563+140j),(-496+289j),(-376+408j),(-232+483j),(-57+526j),(126+520j),(302+442j),(449+293j),(540+58j),(468-225j),(10246+5376j),(-11344-32640j),(128+0j),0j
38182b2eef40,1747748075.548191,0j,0j,0j,(-5120+5120j),(-436+366j),(-103+559j),(272+497j),(507+251j),(564-40j),(488-301j),(306-491j),(59-577j),(-201-573j),(-405-419j),(-541-239j),(-600-29j),(-580+198j),(-470+387j),(-316+525j),(-119+605j),(101+614j),(313+558j),(465+409j),(572+236j),(626+50j),(611-161j),(522-341j),(392-485j),(234-582j),(49-624j),(-149-601j),(-315-515j),0j,(-584-248j),(-618-58j),(-601+141j),(-534+314j),(-406+459j),(-246+580j),(-44+600j),(140+590j),(315+516j),(466+399j),(574+230j),(602+26j),(562-174j),(461-353j),(315-489j),(117-574j),(-94-568j),(-295-484j),(-447-336j),(-531-120j),(-520+99j),(-433+306j),(-251+473j),(-12+536j),(255+465j),(472+243j),(512-90j),(10246+5376j),(-11344-32640j),(128+0j),0j
38182b2eef40,1747748075.5583732,0j,0j,0j,(-5120+5120j),(-213-539j),(-461-326j),(-545-68j),(-507+140j),(-491+362j),(-296+428j),(-168+586j),(48+549j),(157+565j),(325+481j),(400+409j),(562+285j),(610+137j),(604-4j),(574-114j),(528-232j),(461-283j),(511-444j),(374-460j),(276-608j),(159-573j),(79-619j),(-33-638j),(-108-586j),(-277-612j),(-364-535j),(-432-441j),(-475-335j),0j,(-544-224j),(-633-124j),(-579-23j),(-643+78j),(-555+159j),(-583+259j),(-474+349j),(-442+413j),(-355+458j),(-256+594j),(-128+597j),(3+577j),(114+554j),(175+479j),(296+533j),(353+405j),(492+343j),(491+185j),(554+88j),(532-45j),(484-230j),(418-323j),(284-470j),(94-513j),(-105-504j),(-265-393j),(-460-262j),(10246+5376j),(-11344-32640j),(128+0j),0j
38182b2eef40,1747748075.560834,0j,0j,0j,(-5120+5120j),(-181+576j),(157+588j),(422+435j),(576+226j),(627-4j),(596-210j),(489-392j),(361-515j),(219-600j),(59-634j),(-92-625j),(-241-617j),(-359-557j),(-469-473j),(-568-378j),(-631-247j),(-650-135j),(-703-9j),(-668+117j),(-625+233j),(-589+317j),(-524+412j),(-456+490j),(-365+564j),(-275+628j),(-191+650j),(-85+673j),(31+654j),0j,(220+637j),(324+613j),(404+530j),(484+476j),(538+373j),(606+303j),(604+165j),(645+91j),(649-17j),(662-121j),(619-243j),(546-325j),(477-423j),(381-486j),(277-563j),(153-596j),(32-625j),(-112-581j),(-241-558j),(-366-464j),(-447-345j),(-536-209j),(-577-47j),(-550+154j),(-454+335j),(-283+485j),(-15+554j),(10246+6144j),(-11344-32640j),(128+0j),0j
38182b2eef40,1747748075.5777102,0j,0j,0j,(-5120+5120j),(593+30j),(529-291j),(315-523j),(45-615j),(-203-575j),(-389-468j),(-527-304j),(-596-134j),(-615+64j),(-569+235j),(-499+379j),(-381+493j),(-266+579j),(-130+640j),(14+669j),(166+657j),(301+601j),(418+519j),(507+418j),(581+311j),(631+194j),(659+75j),(664-58j),(639-181j),(585-290j),(528-386j),(450-470j),(346-546j),0j,(145-650j),(31-644j),(-89-639j),(-202-616j),(-308-566j),(-408-501j),(-475-390j),(-553-302j),(-597-190j),(-625-76j),(-631+51j),(-598+179j),(-543+298j),(-463+394j),(-361+483j),(-239+547j),(-100+587j),(50+583j),(194+543j),(328+466j),(435+332j),(525+199j),(553+20j),(525-167j),(418-358j),(219-501j),(-59-534j),(10246+9216j),(-11344-32640j),(1152+0j),0j
38182b2eef40,1747748075.58771,0j,0j,0j,(-5120+5120j),(-738+261j),(-497+597j),(-168+768j),(150+778j),(374+685j),(580+560j),(700+367j),(786+188j),(828-29j),(772-208j),(717-352j),(662-492j),(573-628j),(462-717j),(362-772j),(238-813j),(102-838j),(-39-878j),(-164-840j),(-292-797j),(-380-783j),(-479-705j),(-555-650j),(-642-564j),(-714-483j),(-745-396j),(-794-327j),(-800-191j),0j,(-860-5j),(-835+88j),(-805+177j),(-802+279j),(-751+374j),(-723+461j),(-615+531j),(-544+614j),(-463+657j),(-390+731j),(-287+774j),(-146+784j),(-42+791j),(91+775j),(196+764j),(316+708j),(448+639j),(538+524j),(633+416j),(690+276j),(713+97j),(713-74j),(675-272j),(570-441j),(397-596j),(135-694j),(-175-661j),(10246+5376j),(-11600-32640j),(1152+0j),0j
38182b2eef40,1747748075.598856,0j,0j,0j,(-5120+5120j),(-768-59j),(-691+373j),(-414+679j),(-61+789j),(260+739j),(514+611j),(692+386j),(764+154j),(804-97j),(733-312j),(636-483j),(490-645j),(324-763j),(142-818j),(-47-839j),(-248-806j),(-413-748j),(-570-642j),(-692-507j),(-771-340j),(-837-200j),(-842-30j),(-831+126j),(-793+283j),(-718+429j),(-629+558j),(-509+658j),(-386+740j),0j,(-99+840j),(56+819j),(208+809j),(346+754j),(485+681j),(602+590j),(665+458j),(752+314j),(789+173j),(815+0j),(797-159j),(721-324j),(632-455j),(526-572j),(372-670j),(203-759j),(13-768j),(-175-742j),(-344-664j),(-493-541j),(-617-356j),(-696-160j),(-710+103j),(-631+327j),(-441+539j),(-166+679j),(181+655j),(10246+5376j),(-11600-32640j),(128+0j),0j
38182b2eef40,1747748075.6066098,0j,0j,0j,(-5120+5120j),(-697+384j),(-451+642j),(-129+762j),(180+753j),(412+661j),(585+525j),(701+366j),(752+180j),(793+26j),(776-133j),(747-273j),(708-401j),(643-515j),(573-605j),(495-681j),(397-751j),(310-786j),(198-840j),(93-833j),(-7-845j),(-96-829j),(-180-803j),(-263-793j),(-349-768j),(-414-720j),(-485-674j),(-536-619j),(-596-556j),0j,(-719-464j),(-731-385j),(-748-303j),(-790-254j),(-809-167j),(-826-89j),(-810+15j),(-803+86j),(-805+160j),(-764+254j),(-742+338j),(-672+425j),(-613+497j),(-539+550j),(-460+624j),(-365+668j),(-246+717j),(-132+751j),(6+728j),(130+798j),(232+642j),(396+671j),(600+414j),(546+373j),(755+122j),(651-185j),(529-439j),(10246+5376j),(-11600-32640j),(128+0j),0j
38182b2eef40,1747748075.610175,0j,0j,0j,(-5120+5120j),(569+464j),(701+89j),(651-299j),(440-566j),(157-698j),(-107-727j),(-344-634j),(-561-465j),(-679-302j),(-720-82j),(-722+124j),(-665+298j),(-589+484j),(-449+614j),(-282+711j),(-116+772j),(67+776j),(252+741j),(402+675j),(531+556j),(644+441j),(719+293j),(742+137j),(762-16j),(735-157j),(694-309j),(630-433j),(531-567j),0j,(292-716j),(131-741j),(-4-770j),(-151-736j),(-305-703j),(-428-632j),(-542-491j),(-634-385j),(-683-258j),(-723-97j),(-744+60j),(-689+225j),(-623+374j),(-520+484j),(-379+591j),(-237+679j),(-53+690j),(145+677j),(308+614j),(459+482j),(530+325j),(638+123j),(636-113j),(564-322j),(366-521j),(90-631j),(-233-566j),(10246+6912j),(-10832-32640j),(128+0j),0j
38182b2eef40,1747748075.6214619,0j,0j,0j,(-5120+5120j),(563+509j),(762+120j),(726-279j),(523-581j),(255-732j),(-9-808j),(-261-756j),(-482-625j),(-660-464j),(-772-244j),(-817-49j),(-775+153j),(-773+323j),(-670+475j),(-569+631j),(-423+706j),(-267+783j),(-94+853j),(89+829j),(261+804j),(391+764j),(484+682j),(637+552j),(725+424j),(793+296j),(823+176j),(814+33j),(847-117j),0j,(727-404j),(658-491j),(564-617j),(458-699j),(312-774j),(177-830j),(19-790j),(-118-793j),(-248-741j),(-391-702j),(-520-621j),(-631-493j),(-703-351j),(-755-200j),(-772-33j),(-769+142j),(-705+313j),(-613+473j),(-475+604j),(-275+683j),(-86+720j),(136+698j),(349+627j),(545+490j),(682+239j),(723-72j),(566-397j),(10246+5376j),(-11600-32640j),(128+0j),0j
38182b2eef40,1747748075.644809,0j,0j,0j,(-5120+5120j),(-537+219j),(-465+424j),(-343+591j),(-44+696j),(191+669j),(451+557j),(603+327j),(623+119j),(677-128j),(564-341j),(492-452j),(333-548j),(254-671j),(95-702j),(-110-700j),(-254-665j),(-421-547j),(-522-511j),(-621-353j),(-634-151j),(-681+2j),(-651+130j),(-572+319j),(-513+416j),(-314+520j),(-207+606j),(4+554j),(220+323j),0j,(-269+93j),(-343+370j),(-201+580j),(-36+597j),(181+617j),(337+564j),(408+453j),(557+312j),(548+220j),(627+31j),(685-35j),(589-212j),(530-291j),(469-444j),(353-530j),(215-644j),(65-653j),(-143-619j),(-313-545j),(-403-391j),(-456-210j),(-545-99j),(-557+106j),(-537+288j),(-348+439j),(-118+547j),(60+496j),(10245+0j),(-10496-32640j),(128+0j),0j
38182b2eef40,1747748075.6615028,0j,0j,0j,(-5120+5120j),(747+205j),(751-246j),(516-595j),(214-751j),(-90-778j),(-350-700j),(-585-564j),(-720-344j),(-807-136j),(-782+99j),(-745+289j),(-671+486j),(-523+632j),(-383+740j),(-226+827j),(-33+850j),(131+808j),(293+817j),(435+707j),(435+707j),(670+491j),(768+375j),(806+209j),(845+68j),(853-93j),(816-225j),(752-361j),(663-490j),0j,(480-679j),(367-764j),(229-780j),(85-832j),(-75-799j),(-217-816j),(-345-735j),(-470-657j),(-585-579j),(-705-455j),(-759-310j),(-787-143j),(-809+22j),(-749+185j),(-705+336j),(-602+464j),(-490+605j),(-301+663j),(-148+739j),(58+726j),(266+664j),(441+562j),(613+415j),(700+178j),(710-109j),(588-379j),(324-623j),(10246+5376j),(-11600-32640j),(128+0j),0j
38182b2eef40,1747748075.6806073,0j,0j,0j,(-5120+5120j),(-471-625j),(-737-269j),(-764+120j),(-653+410j),(-472+634j),(-270+756j),(-3+785j),(219+750j),(415+694j),(580+541j),(662+425j),(777+287j),(831+109j),(838-54j),(825-203j),(767-342j),(694-478j),(615-607j),(492-689j),(374-766j),(274-811j),(108-812j),(-15-843j),(-132-817j),(-244-806j),(-356-767j),(-460-707j),(-563-586j),0j,(-718-460j),(-760-341j),(-795-234j),(-823-131j),(-820-2j),(-829+100j),(-770+242j),(-721+364j),(-650+449j),(-590+573j),(-493+650j),(-340+710j),(-248+744j),(-108+762j),(41+768j),(177+758j),(321+704j),(475+584j),(581+488j),(670+301j),(709+148j),(709-50j),(668-260j),(562-440j),(358-609j),(90-701j),(-235-667j),(10246+5376j),(-11600-32640j),(128+0j),0j
38182b2eef40,1747748075.6902034,0j,0j,0j,(-5120+5120j),(474-359j),(474-359j),(-140-572j),(-385-442j),(-528-261j),(-598-43j),(-570+179j),(-476+362j),(-344+506j),(-162+570j),(-7+595j),(151+587j),(310+550j),(444+459j),(538+340j),(596+210j),(633+58j),(653-98j),(597-236j),(519-366j),(445-463j),(343-531j),(221-591j),(85-617j),(-45-633j),(-156-610j),(-282-562j),(-389-482j),0j,(-544-306j),(-603-197j),(-640-78j),(-630+47j),(-591+182j),(-564+292j),(-449+406j),(-372+482j),(-261+543j),(-147+603j),(-28+621j),(121+596j),(240+539j),(364+461j),(464+370j),(534+238j),(571+83j),(568-73j),(524-214j),(425-351j),(297-452j),(131-518j),(-53-531j),(-237-486j),(-409-340j),(-515-118j),(-494+166j),(10246+6144j),(-11344-32640j),(128+0j),0j
38182b2eef40,1747748075.7081158,0j,0j,0j,(-5120+5120j),(-712+352j),(-304+723j),(198+761j),(589+533j),(766+172j),(776-205j),(577-527j),(319-727j),(-14-806j),(-329-710j),(-572-551j),(-745-306j),(-819-6j),(-772+274j),(-650+524j),(-438+717j),(-177+821j),(103+844j),(361+760j),(599+599j),(748+401j),(846+140j),(829-117j),(760-358j),(621-567j),(422-724j),(178-817j),(-80-821j),0j,(-518-650j),(-680-460j),(-801-247j),(-817+5j),(-782+254j),(-689+481j),(-474+610j),(-273+768j),(-22+789j),(231+777j),(470+670j),(652+469j),(760+230j),(764-24j),(698-287j),(574-512j),(354-670j),(76-745j),(-188-717j),(-431-578j),(-634-328j),(-694-55j),(-672+263j),(-471+537j),(-142+699j),(246+664j),(579+364j),(10246+5376j),(-11600-32640j),(128+0j),0j
38182b2eef40,1747748075.7166648,0j,0j,0j,(-5120+5120j),(98-757j),(-288-744j),(-583-502j),(-737-210j),(-782+71j),(-746+316j),(-623+546j),(-413+646j),(-269+759j),(-63+788j),(101+793j),(282+784j),(447+706j),(561+620j),(675+514j),(747+378j),(790+247j),(837+109j),(838-50j),(813-177j),(790-298j),(725-393j),(664-523j),(591-598j),(501-680j),(396-733j),(292-775j),(144-796j),0j,(-57-833j),(-163-816j),(-275-780j),(-378-740j),(-476-674j),(-564-605j),(-609-495j),(-702-408j),(-738-296j),(-786-189j),(-804-35j),(-783+90j),(-756+229j),(-688+336j),(-635+447j),(-530+559j),(-399+660j),(-221+689j),(-109+721j),(120+713j),(233+627j),(376+716j),(609+420j),(561+284j),(752+81j),(650-337j),(443-543j),(10246+5376j),(-11600-32640j),(1152+0j),0j
38182b2eef40,1747748075.728196,0j,0j,0j,(-5120+5120j),(771+117j),(699-326j),(417-653j),(70-784j),(-281-736j),(-544-580j),(-712-356j),(-786-93j),(-796+183j),(-683+410j),(-551+576j),(-392+710j),(-195+800j),(17+829j),(213+817j),(410+742j),(578+607j),(711+469j),(790+282j),(828+99j),(848-81j),(813-273j),(720-427j),(612-555j),(510-663j),(375-753j),(202-801j),(17-833j),0j,(-297-773j),(-449-692j),(-583-598j),(-682-472j),(-761-313j),(-829-168j),(-785+12j),(-792+193j),(-724+353j),(-644+494j),(-532+622j),(-346+716j),(-187+757j),(3+774j),(198+745j),(383+674j),(535+543j),(647+366j),(726+165j),(715-49j),(656-263j),(540-462j),(363-616j),(118-711j),(-181-671j),(-461-521j),(-660-201j),(10246+5376j),(-11600-32640j),(128+0j),0j
38182b2eef40,1747748075.7414489,0j,0j,0j,(-5120+5120j),(748+188j),(740-254j),(530-587j),(229-774j),(-72-774j),(-335-721j),(-535-546j),(-695-373j),(-801-180j),(-800+74j),(-755+256j),(-658+444j),(-577+592j),(-433+715j),(-277+782j),(-100+845j),(62+854j),(210+824j),(360+772j),(499+657j),(639+571j),(707+433j),(783+313j),(811+178j),(828+27j),(839-114j),(804-255j),(751-379j),0j,(593-599j),(477-669j),(375-748j),(240-783j),(103-829j),(-21-843j),(-176-753j),(-311-736j),(-436-669j),(-541-577j),(-660-474j),(-737-320j),(-774-167j),(-780-16j),(-743+127j),(-725+291j),(-611+436j),(-506+574j),(-365+665j),(-161+704j),(41+704j),(242+652j),(439+544j),(612+371j),(696+122j),(695-178j),(499-457j),(10246+5376j),(-11600-32640j),(128+0j),0j
38182b2eef40,1747748075.7587447,0j,0j,0j,(-5120+5120j),(-753+200j),(-526+581j),(-176+760j),(193+758j),(466+626j),(660+436j),(786+186j),(787-62j),(763-313j),(608-506j),(476-640j),(323-747j),(164-816j),(-23-837j),(-213-809j),(-370-761j),(-540-637j),(-666-555j),(-739-388j),(-815-224j),(-846-88j),(-835+87j),(-806+239j),(-735+387j),(-692+486j),(-596+594j),(-482+681j),(-327+749j),0j,(-55+846j),(68+841j),(204+807j),(351+771j),(476+672j),(599+592j),(660+448j),(737+316j),(778+184j),(820+47j),(808-87j),(760-263j),(683-389j),(565-516j),(452-624j),(301-707j),(119-759j),(-64-740j),(-250-706j),(-422-585j),(-555-445j),(-673-255j),(-721-50j),(-693+182j),(-567+421j),(-312+620j),(21+703j),(10246+5376j),(-11600-32640j),(128+0j),0j
38182b2eef40,1747748075.7722888,0j,0j,0j,(-5120+5120j),(362+475j),(566+192j),(582-92j),(501-321j),(362-479j),(178-575j),(3-606j),(-180-573j),(-314-532j),(-433-408j),(-512-318j),(-594-178j),(-637-47j),(-632+71j),(-607+198j),(-569+296j),(-501+388j),(-445+485j),(-338+534j),(-233+588j),(-141+620j),(-51+628j),(42+643j),(139+613j),(251+599j),(330+544j),(414+489j),(473+409j),0j,(569+285j),(613+194j),(616+106j),(636+18j),(610-87j),(610-171j),(556-250j),(497-341j),(451-402j),(380-489j),(301-541j),(178-565j),(70-599j),(-21-586j),(-123-564j),(-240-517j),(-327-464j),(-404-372j),(-489-281j),(-497-150j),(-565-14j),(-495+152j),(-608+213j),(-282+454j),(-147+528j),(59+546j),(253+435j),(10246+6144j),(-11344-32640j),(1152+0j),0j
38182b2eef40,1747748075.7877512,0j,0j,0j,(-5120+5120j),(-61+578j),(263+530j),(488+342j),(580+124j),(590-71j),(561-250j),(442-405j),(337-503j),(214-578j),(65-598j),(-53-600j),(-179-586j),(-303-562j),(-392-509j),(-467-430j),(-544-344j),(-583-246j),(-638-166j),(-642-60j),(-630+49j),(-634+122j),(-603+190j),(-579+285j),(-513+347j),(-467+414j),(-416+487j),(-358+528j),(-278+560j),0j,(-130+631j),(-61+624j),(31+629j),(101+618j),(186+607j),(261+588j),(308+524j),(386+472j),(437+413j),(505+361j),(556+288j),(574+180j),(595+85j),(589-6j),(571-101j),(556-195j),(503-307j),(419-391j),(347-454j),(228-512j),(109-530j),(-34-526j),(-179-508j),(-323-444j),(-438-281j),(-517-104j),(-507+144j),(10246+6144j),(-11344-32640j),(128+0j),0j
38182b2eef40,1747748075.7968326,0j,0j,0j,(-5120+5120j),(12-595j),(-272-566j),(-482-398j),(-571-148j),(-576+67j),(-531+274j),(-413+430j),(-263+529j),(-131+606j),(29+607j),(153+599j),(266+548j),(380+502j),(467+421j),(551+334j),(610+225j),(640+113j),(656-3j),(640-103j),(620-213j),(581-304j),(508-392j),(448-470j),(375-519j),(296-561j),(220-602j),(135-625j),(38-642j),0j,(-133-630j),(-216-593j),(-300-554j),(-373-514j),(-445-447j),(-521-372j),(-541-280j),(-601-193j),(-599-114j),(-619-16j),(-619+65j),(-584+180j),(-548+263j),(-501+350j),(-392+439j),(-315+476j),(-225+544j),(-66+537j),(43+625j),(199+485j),(300+480j),(359+106j),(439+48j),(387+81j),(537-202j),(390-369j),(231-478j),(10246+6144j),(-11344-32640j),(128+0j),0j
38182b2eef40,1747748075.8091729,0j,0j,0j,(-5120+5120j),(-312+489j),(28+591j),(360+477j),(552+230j),(594-25j),(547-270j),(384-465j),(194-568j),(-29-619j),(-234-558j),(-389-470j),(-516-329j),(-607-184j),(-638+1j),(-622+178j),(-544+334j),(-446+477j),(-309+584j),(-136+641j),(38+631j),(190+624j),(334+562j),(467+442j),(550+330j),(607+191j),(632+47j),(632-98j),(579-264j),0j,(419-495j),(291-563j),(158-629j),(9-637j),(-140-622j),(-289-564j),(-414-472j),(-502-350j),(-568-220j),(-607-75j),(-615+75j),(-552+226j),(-478+359j),(-357+480j),(-219+547j),(-69+595j),(105+572j),(281+508j),(411+383j),(506+239j),(556+51j),(519-150j),(421-337j),(258-469j),(35-540j),(-237-489j),(-454-278j),(10246+6144j),(-11344-32640j),(1152+0j),0j
38182b2eef40,1747748075.818209,0j,0j,0j,(-5120+5120j),(-311-491j),(-533-251j),(-587+39j),(-520+285j),(-389+459j),(-221+567j),(-23+606j),(150+596j),(318+534j),(435+422j),(530+312j),(592+202j),(639+87j),(638-45j),(625-175j),(595-295j),(515-401j),(433-496j),(327-561j),(224-595j),(126-647j),(36-629j),(-87-642j),(-190-609j),(-271-582j),(-357-550j),(-425-475j),(-498-388j),0j,(-595-241j),(-624-156j),(-635-57j),(-633+45j),(-611+145j),(-590+244j),(-521+316j),(-457+401j),(-396+465j),(-323+533j),(-241+580j),(-113+588j),(-24+601j),(88+582j),(203+546j),(309+497j),(403+418j),(483+314j),(547+197j),(558+46j),(538-87j),(486-236j),(393-358j),(268-475j),(80-528j),(-149-525j),(-356-388j),(10246+6144j),(-11344-32640j),(128+0j),0j
38182b2eef40,1747748075.8277938,0j,0j,0j,(-5120+5120j),(-342+473j),(12+598j),(339+499j),(543+266j),(593+27j),(572-216j),(444-412j),(268-542j),(76-627j),(-123-597j),(-304-522j),(-448-422j),(-568-295j),(-621-137j),(-641+34j),(-614+208j),(-535+361j),(-450+496j),(-299+584j),(-127+628j),(5+644j),(150+648j),(291+572j),(407+493j),(512+387j),(596+266j),(639+137j),(644-26j),0j,(581-284j),(499-415j),(382-509j),(277-565j),(144-607j),(-1-647j),(-142-595j),(-290-560j),(-396-474j),(-498-388j),(-576-249j),(-600-82j),(-598+63j),(-555+215j),(-475+354j),(-371+461j),(-210+547j),(-58+561j),(114+561j),(274+488j),(412+365j),(510+188j),(542+5j),(497-202j),(362-380j),(142-530j),(-168-507j),(10246+6144j),(-11344-32640j),(128+0j),0j
38182b2eef40,1747748075.8382013,0j,0j,0j,(-5120+5120j),(371-438j),(82-585j),(-209-555j),(-431-418j),(-557-244j),(-603-38j),(-587+147j),(-529+318j),(-434+455j),(-286+529j),(-159+591j),(-32+623j),(99+640j),(222+603j),(344+559j),(440+485j),(534+383j),(599+285j),(632+164j),(637+60j),(654-48j),(624-148j),(597-249j),(546-343j),(493-408j),(428-481j),(343-528j),(246-577j),0j,(72-654j),(-26-646j),(-117-632j),(-206-611j),(-302-566j),(-382-524j),(-427-419j),(-503-355j),(-553-270j),(-595-181j),(-621-84j),(-614+39j),(-590+131j),(-545+241j),(-479+336j),(-412+425j),(-300+500j),(-180+539j),(-45+573j),(88+553j),(214+503j),(339+422j),(445+311j),(534+149j),(530-69j),(463-272j),(274-452j),(10246+6144j),(-11344-32640j),(128+0j),0j
38182b2eef40,1747748075.8497615,0j,0j,0j,(-5120+5120j),(394+454j),(573+154j),(573+154j),(457-372j),(303-528j),(117-594j),(-88-610j),(-255-561j),(-424-468j),(-519-322j),(-579-204j),(-618-67j),(-641+47j),(-618+187j),(-564+300j),(-505+408j),(-401+501j),(-316+588j),(-202+617j),(-76+638j),(23+661j),(130+624j),(253+603j),(343+540j),(426+497j),(492+439j),(548+358j),(589+245j),0j,(638+45j),(649-38j),(630-126j),(612-227j),(549-325j),(495-422j),(399-463j),(321-543j),(232-563j),(136-621j),(45-631j),(-91-598j),(-185-572j),(-291-506j),(-385-453j),(-448-367j),(-552-261j),(-579-121j),(-575+19j),(-548+148j),(-447+266j),(-398+373j),(-85+625j),(-129+497j),(110+499j),(325+404j),(491+223j),(10246+6144j),(-11344-32640j),(128+0j),0j
38182b2eef40,1747748075.8557851,0j,0j,0j,(-5120+5120j),(-668+240j),(-450+566j),(-122+710j),(197+690j),(448+584j),(624+392j),(720+159j),(729-46j),(702-266j),(589-444j),(468-567j),(329-665j),(174-751j),(13-773j),(-155-772j),(-302-728j),(-447-649j),(-567-566j),(-655-436j),(-727-299j),(-759-169j),(-773-44j),(-774+115j),(-741+236j),(-694+353j),(-629+459j),(-538+550j),(-432+649j),0j,(-222+732j),(-97+770j),(33+774j),(150+765j),(276+725j),(395+677j),(486+539j),(584+471j),(649+362j),(707+243j),(742+115j),(739-30j),(708-163j),(650-301j),(573-424j),(476-531j),(337-632j),(184-672j),(23-693j),(-156-659j),(-314-578j),(-472-460j),(-587-286j),(-659-87j),(-622+166j),(-490+408j),(-244+584j),(10246+6912j),(-10832-32640j),(128+0j),0j
38182b2eef40,1747748075.8614063,0j,0j,0j,(-5120+5120j),(-506+270j),(-312+508j),(-29+595j),(236+552j),(424+431j),(543+254j),(596+71j),(591-117j),(546-283j),(450-416j),(340-514j),(217-583j),(95-633j),(-45-647j),(-180-626j),(-300-576j),(-414-506j),(-501-421j),(-572-323j),(-614-214j),(-646-100j),(-645+20j),(-634+136j),(-602+236j),(-554+323j),(-497+403j),(-431+477j),(-333+538j),0j,(-155+643j),(-60+646j),(42+645j),(152+637j),(252+593j),(355+548j),(423+454j),(501+376j),(548+287j),(600+188j),(624+86j),(617-41j),(591-135j),(550-261j),(485-351j),(405-443j),(298-520j),(154-557j),(15-574j),(-135-545j),(-254-483j),(-392-384j),(-486-253j),(-552-77j),(-536+130j),(-417+333j),(-218+489j),(10246+6144j),(-11344-32640j),(128+0j),0j
38182b2eef40,1747748075.8793633,0j,0j,0j,(-5120+5120j),(155+576j),(452+390j),(590+100j),(579-173j),(460-397j),(296-526j),(85-598j),(-120-599j),(-297-549j),(-444-430j),(-540-302j),(-606-145j),(-646+22j),(-625+175j),(-566+310j),(-478+433j),(-364+525j),(-261+624j),(-121+652j),(32+647j),(162+648j),(271+604j),(387+525j),(485+436j),(568+330j),(622+217j),(647+88j),(642-32j),0j,(597-249j),(540-384j),(462-463j),(362-532j),(244-596j),(134-640j),(8-613j),(-127-614j),(-245-576j),(-361-528j),(-463-440j),(-531-307j),(-581-188j),(-593-61j),(-590+74j),(-566+215j),(-485+350j),(-368+455j),(-245+535j),(-78+559j),(86+552j),(260+483j),(407+376j),(511+204j),(542-19j),(482-255j),(282-446j),(10246+6144j),(-11344-32640j),(128+0j),0j
38182b2eef40,1747748075.8948627,0j,0j,0j,(-5120+5120j),(666+271j),(707-143j),(537-468j),(280-657j),(43-735j),(-205-706j),(-421-610j),(-569-444j),(-714-289j),(-734-86j),(-728+88j),(-706+252j),(-663+422j),(-568+546j),(-442+658j),(-326+712j),(-163+751j),(-26+802j),(120+779j),(279+746j),(380+698j),(479+637j),(586+518j),(650+417j),(734+311j),(770+191j),(776+69j),(784-62j),0j,(728-275j),(679-391j),(606-495j),(523-582j),(415-660j),(325-737j),(173-699j),(53-752j),(-63-737j),(-202-738j),(-314-712j),(-439-601j),(-514-507j),(-589-385j),(-671-272j),(-719-134j),(-716+23j),(-680+186j),(-624+341j),(-501+464j),(-353+552j),(-176+636j),(31+670j),(242+637j),(427+488j),(582+258j),(642-51j),(10246+6912j),(-10832-32640j),(128+0j),0j
38182b2eef40,1747748075.9097674,0j,0j,0j,(-5120+5120j),(-596-7j),(-499+323j),(-283+529j),(-53+601j),(178+576j),(350+500j),(485+348j),(588+215j),(627+58j),(608-108j),(576-244j),(493-385j),(407-494j),(299-570j),(184-626j),(69-655j),(-56-649j),(-179-651j),(-273-597j),(-379-522j),(-467-463j),(-524-391j),(-579-305j),(-616-209j),(-644-99j),(-657+17j),(-645+120j),(-609+218j),0j,(-537+378j),(-477+458j),(-393+516j),(-313+571j),(-208+615j),(-137+640j),(-36+626j),(78+619j),(176+597j),(288+569j),(375+511j),(454+412j),(532+339j),(570+229j),(598+121j),(599-4j),(570-137j),(532-261j),(460-356j),(369-446j),(209-513j),(57-547j),(-105-544j),(-280-481j),(-432-335j),(-547-140j),(-526+114j),(10246+6144j),(-11344-32640j),(128+0j),0j
38182b2eef40,1747748075.9188602,0j,0j,0j,(-5120+5120j),(273+514j),(511+298j),(597+7j),(541-260j),(401-458j),(221-565j),(31-618j),(-161-585j),(-335-524j),(-462-419j),(-555-286j),(-615-161j),(-652-18j),(-636+124j),(-607+263j),(-544+383j),(-441+489j),(-333+586j),(-207+624j),(-94+650j),(31+659j),(135+635j),(257+602j),(361+543j),(440+483j),(513+403j),(570+304j),(627+191j),0j,(659-8j),(648-127j),(611-235j),(561-328j),(494-420j),(417-502j),(303-550j),(212-594j),(105-624j),(-8-639j),(-129-621j),(-252-573j),(-355-512j),(-447-416j),(-521-308j),(-572-190j),(-598-61j),(-585+82j),(-552+229j),(-458+353j),(-327+453j),(-181+530j),(-17+548j),(168+525j),(354+424j),(495+227j),(538-41j),(10246+6144j),(-11344-32640j),(128+0j),0j
38182b2eef40,1747748075.928182,0j,0j,0j,(-5120+5120j),(-252-529j),(-502-303j),(-605+4j),(-535+278j),(-382+467j),(-192+579j),(35+609j),(248+557j),(423+467j),(536+316j),(595+160j),(630-2j),(621-160j),(557-321j),(471-445j),(373-531j),(239-608j),(92-656j),(-58-655j),(-189-625j),(-329-579j),(-427-490j),(-527-383j),(-591-266j),(-633-151j),(-652-23j),(-635+104j),(-613+234j),0j,(-488+440j),(-389+522j),(-291+582j),(-177+628j),(-36+647j),(91+648j),(222+587j),(343+534j),(435+460j),(518+356j),(591+243j),(619+87j),(615-44j),(586-173j),(518-295j),(443-414j),(310-505j),(158-563j),(5-593j),(-160-546j),(-311-461j),(-438-330j),(-526-164j),(-556+28j),(-490+240j),(-338+429j),(-54+523j),(10246+6144j),(-11344-32640j),(128+0j),0j
38182b2eef40,1747748075.94066,0j,0j,0j,(-5120+5120j),(332+499j),(547+250j),(594-37j),(521-264j),(415-430j),(274-546j),(79-602j),(-86-595j),(-239-580j),(-366-490j),(-448-414j),(-550-308j),(-618-214j),(-641-88j),(-658+23j),(-636+129j),(-600+240j),(-586+337j),(-501+428j),(-416+496j),(-357+553j),(-298+575j),(-180+640j),(-99+640j),(-9+652j),(79+664j),(165+634j),(258+591j),0j,(408+512j),(473+478j),(524+395j),(570+337j),(602+244j),(644+164j),(608+67j),(629-24j),(612-108j),(616-213j),(575-293j),(494-373j),(431-442j),(338-503j),(261-554j),(154-583j),(27-611j),(-98-576j),(-207-550j),(-321-478j),(-423-380j),(-494-260j),(-548-113j),(-557+56j),(-488+249j),(-358+404j),(-138+523j),(10246+6144j),(-11344-32640j),(128+0j),0j
38182b2eef40,1747748075.9589815,0j,0j,0j,(-5120+5120j),(-612+46j),(-363+459j),(109+569j),(490+327j),(602-84j),(419-452j),(56-611j),(-324-505j),(-570-240j),(-602+133j),(-432+443j),(-125+620j),(232+596j),(516+389j),(653+63j),(596-291j),(361-557j),(31-664j),(-310-591j),(-561-357j),(-660-35j),(-584+292j),(-378+538j),(-67+653j),(261+600j),(519+396j),(646+90j),(618-225j),0j,(143-649j),(-189-617j),(-457-459j),(-625-186j),(-635+137j),(-487+425j),(-209+596j),(113+628j),(396+489j),(592+233j),(628-107j),(476-404j),(206-587j),(-129-601j),(-409-443j),(-577-177j),(-585+162j),(-388+443j),(-83+561j),(232+497j),(460+246j),(540+16j),(484-326j),(156-575j),(-273-496j),(-521-126j),(-426+323j),(10246+6144j),(-11344-32640j),(1152+0j),0j
38182b2eef40,1747748075.9671612,0j,0j,0j,(-5120+5120j),(616+18j),(559-205j),(434-392j),(256-516j),(66-582j),(-122-584j),(-282-539j),(-397-450j),(-500-371j),(-559-274j),(-599-182j),(-622-92j),(-634-4j),(-638+81j),(-628+168j),(-607+256j),(-572+337j),(-523+410j),(-471+469j),(-412+519j),(-356+554j),(-279+609j),(-246+605j),(-195+627j),(-139+645j),(-81+661j),(-18+670j),(55+603j),0j,(176+624j),(238+615j),(292+582j),(340+547j),(381+512j),(422+473j),(493+420j),(501+388j),(538+338j),(571+279j),(597+213j),(615+136j),(620+61j),(616-23j),(599-102j),(572-181j),(534-258j),(485-333j),(422-407j),(343-471j),(207-528j),(115-558j),(-27-557j),(-178-514j),(-321-420j),(-442-276j),(-515-87j),(10246+6144j),(-11344-32640j),(1152+0j),0j
38182b2eef40,1747748075.9973414,0j,0j,0j,(-5120+5120j),(-399-350j),(-537-87j),(-490+221j),(-322+440j),(-102+535j),(117+537j),(321+451j),(458+318j),(551+129j),(556-49j),(525-214j),(446-361j),(338-481j),(191-561j),(45-591j),(-113-587j),(-259-538j),(-397-462j),(-505-339j),(-568-203j),(-602-62j),(-592+63j),(-557+221j),(-501+334j),(-418+439j),(-311+519j),(-186+574j),(-41+591j),0j,(211+566j),(329+493j),(429+416j),(517+306j),(564+193j),(607+56j),(564-76j),(544-216j),(474-347j),(390-439j),(275-529j),(131-565j),(-14-574j),(-163-544j),(-299-482j),(-416-372j),(-489-232j),(-529-85j),(-531+83j),(-467+232j),(-377+377j),(-186+551j),(29+513j),(170+556j),(462+421j),(516+108j),(476-145j),(10246+5376j),(-11600-32640j),(1152+0j),0j
38182b2eef40,1747748076.0083473,0j,0j,0j,(-5120+5120j),(-524+149j),(-264+474j),(124+536j),(431+336j),(558+29j),(480-264j),(272-492j),(-17-552j),(-296-488j),(-485-263j),(-561-35j),(-537+235j),(-386+446j),(-162+569j),(91+590j),(323+509j),(496+318j),(609+102j),(567-152j),(475-387j),(284-525j),(43-589j),(-195-569j),(-388-448j),(-541-273j),(-596-58j),(-567+170j),(-438+385j),0j,(-66+603j),(164+571j),(366+458j),(530+303j),(581+74j),(585-170j),(452-370j),(266-518j),(57-583j),(-182-562j),(-384-454j),(-516-237j),(-570-14j),(-509+218j),(-388+411j),(-173+518j),(80+548j),(301+429j),(474+254j),(530+10j),(464-240j),(282-428j),(8-523j),(-255-461j),(-467-228j),(-495+99j),(-302+398j),(10246+5376j),(-11600-32640j),(128+0j),0j
38182b2eef40,1747748076.0174286,0j,0j,0j,(-5120+5120j),(-727+235j),(-551+516j),(-250+725j),(61+786j),(330+724j),(545+572j),(690+386j),(781+186j),(811+1j),(779-186j),(722-345j),(659-489j),(570-608j),(461-699j),(335-776j),(197-829j),(67-855j),(-70-861j),(-70-861j),(-341-800j),(-452-738j),(-529-665j),(-630-585j),(-703-503j),(-762-410j),(-807-308j),(-839-205j),(-836-86j),0j,(-868+135j),(-822+223j),(-790+322j),(-749+426j),(-689+532j),(-609+623j),(-501+677j),(-408+740j),(-294+777j),(-183+814j),(-66+840j),(54+832j),(180+788j),(314+732j),(434+664j),(535+588j),(638+481j),(714+340j),(754+192j),(774+44j),(761-156j),(719-266j),(594-473j),(359-700j),(47-827j),(-250-756j),(-490-542j),(10246+5376j),(-11600-32640j),(1152+0j),0j
38182b2eef40,1747748076.0280178,0j,0j,0j,(-5120+5120j),(367+666j),(652+398j),(781+52j),(741-252j),(629-485j),(453-651j),(259-752j),(47-799j),(-144-808j),(-298-733j),(-456-666j),(-581-586j),(-688-485j),(-768-376j),(-833-252j),(-867-125j),(-864+11j),(-866+162j),(-814+282j),(-765+389j),(-730+487j),(-659+577j),(-577+651j),(-480+713j),(-403+760j),(-316+792j),(-223+830j),(-96+840j),0j,(95+884j),(195+833j),(281+810j),(385+775j),(459+712j),(547+670j),(595+553j),(683+484j),(744+389j),(778+296j),(820+200j),(831+65j),(819-55j),(786-174j),(739-280j),(690-407j),(598-523j),(482-610j),(341-699j),(193-737j),(34-738j),(-158-718j),(-337-651j),(-508-538j),(-646-332j),(-727-67j),(-659+264j),(10246+5376j),(-11600-32640j),(128+0j),0j
38182b2eef40,1747748076.0372088,0j,0j,0j,(-5120+5120j),(-565+505j),(-217+740j),(153+749j),(452+634j),(639+450j),(753+229j),(788-19j),(757-229j),(713-434j),(551-576j),(416-686j),(281-773j),(112-847j),(-44-857j),(-185-842j),(-323-796j),(-459-719j),(-605-647j),(-672-521j),(-767-398j),(-815-296j),(-844-176j),(-852-45j),(-844+89j),(-846+199j),(-822+315j),(-761+419j),(-669+504j),0j,(-531+697j),(-437+746j),(-321+793j),(-197+842j),(-74+836j),(25+871j),(175+810j),(276+781j),(388+730j),(495+669j),(600+599j),(677+465j),(740+342j),(771+217j),(794+70j),(785-78j),(756-235j),(669-372j),(590-508j),(437-607j),(285-675j),(75-721j),(-120-735j),(-348-654j),(-538-482j),(-678-231j),(-710+105j),(10246+5376j),(-11600-32640j),(128+0j),0j
38182b2eef40,1747748076.047902,0j,0j,0j,(-5120+5120j),(-585-479j),(-674+323j),(-12+791j),(681+434j),(721-337j),(139-783j),(-540-567j),(-770+79j),(-451+667j),(217+772j),(730+356j),(755-305j),(296-774j),(-359-759j),(-807-260j),(-756+415j),(-230+835j),(426+748j),(832+227j),(750-426j),(233-840j),(-407-756j),(-829-254j),(-770+395j),(-280+815j),(369+789j),(810+320j),(792-346j),0j,(-305-819j),(-757-387j),(-817+251j),(-416+749j),(234+825j),(745+443j),(794-200j),(448-704j),(-182-806j),(-708-454j),(-815+158j),(-441+678j),(185+796j),(685+419j),(755-205j),(369-695j),(-247-739j),(-731-295j),(-729+331j),(-200+700j),(419+571j),(690-6j),(408-631j),(-165-770j),(-630-269j),(-546+426j),(122+648j),(10246+5376j),(-11600-32640j),(1152+0j),0j
38182b2eef40,1747748076.0620484,0j,0j,0j,(-5120+5120j),(-166-766j),(-556-550j),(-753-198j),(-774+154j),(-677+424j),(-498+633j),(-249+748j),(-33+794j),(179+795j),(402+698j),(550+588j),(702+440j),(804+279j),(840+121j),(845-59j),(827-243j),(765-389j),(689-546j),(567-657j),(407-746j),(294-819j),(153-872j),(-12-864j),(-147-833j),(-296-806j),(-436-756j),(-544-678j),(-634-552j),0j,(-802-346j),(-831-208j),(-861-83j),(-848+60j),(-829+199j),(-806+340j),(-681+464j),(-618+577j),(-501+660j),(-370+754j),(-231+807j),(-56+823j),(94+815j),(251+756j),(387+690j),(530+599j),(641+459j),(727+298j),(763+138j),(753-80j),(684-273j),(573-446j),(405-616j),(166-714j),(-107-719j),(-399-619j),(-624-366j),(10246+5376j),(-11600-32640j),(1152+0j),0j
38182b2eef40,1747748076.0828216,0j,0j,0j,(-5120+5120j),(-757-283j),(-689+351j),(-234+715j),(332+656j),(734+263j),(773-266j),(424-695j),(-83-808j),(-502-634j),(-774-236j),(-771+242j),(-516+604j),(-111+817j),(340+761j),(690+478j),(854+70j),(776-377j),(489-710j),(79-867j),(-353-782j),(-702-524j),(-843-103j),(-808+317j),(-554+678j),(-150+844j),(273+813j),(625+577j),(852+221j),0j,(661-618j),(284-782j),(-116-844j),(-503-686j),(-777-373j),(-864+68j),(-681+456j),(-410+753j),(31+828j),(398+725j),(705+414j),(810-4j),(719-393j),(393-704j),(2-783j),(-424-687j),(-730-363j),(-796+74j),(-585+474j),(-344+936j),(275+917j),(590+475j),(1130+17j),(515-606j),(126-731j),(-441-755j),(-680-90j),(10246+5376j),(-11600-32640j),(128+0j),0j
38182b2eef40,1747748076.097404,0j,0j,0j,(-5120+5120j),(-412-640j),(-701-325j),(-769+26j),(-696+355j),(-566+569j),(-352+706j),(-101+786j),(107+771j),(319+764j),(491+619j),(609+510j),(726+386j),(813+254j),(838+105j),(865-49j),(849-191j),(777-341j),(743-467j),(641-569j),(523-674j),(453-762j),(302-789j),(177-850j),(61-852j),(-69-861j),(-167-858j),(-262-792j),(-410-738j),0j,(-590-643j),(-670-561j),(-723-469j),(-785-371j),(-819-235j),(-873-132j),(-828+13j),(-825+130j),(-791+242j),(-764+385j),(-708+475j),(-594+584j),(-498+658j),(-345+704j),(-241+766j),(-87+791j),(71+789j),(229+737j),(392+672j),(535+547j),(623+380j),(697+220j),(730+7j),(718-198j),(597-426j),(361-631j),(54-718j),(10246+5376j),(-11600-32640j),(128+0j),0j
38182b2eef40,1747748076.1015208,0j,0j,0j,(-5120+5120j),(-623-315j),(-719+43j),(-607+386j),(-387+618j),(-141+708j),(112+725j),(331+649j),(504+545j),(646+381j),(718+196j),(740+16j),(733-160j),(707-305j),(634-446j),(548-563j),(430-663j),(293-740j),(142-789j),(-3-801j),(-145-767j),(-268-744j),(-389-699j),(-500-607j),(-590-523j),(-661-426j),(-716-324j),(-762-210j),(-782-70j),0j,(-793+166j),(-739+265j),(-691+383j),(-617+485j),(-540+574j),(-438+663j),(-289+655j),(-191+740j),(-74+752j),(40+764j),(175+748j),(308+687j),(423+606j),(535+509j),(610+396j),(690+269j),(719+110j),(718-54j),(673-217j),(589-366j),(429-482j),(304-605j),(115-667j),(-106-669j),(-327-583j),(-543-380j),(-652-75j),(10246+6912j),(-10832-32640j),(1152+0j),0j
38182b2eef40,1747748076.1108997,0j,0j,0j,(-5120+5120j),(-356-687j),(-665-381j),(-788+23j),(-691+370j),(-491+609j),(-244+760j),(39+791j),(305+728j),(534+620j),(679+427j),(763+239j),(816+32j),(820-185j),(758-373j),(669-544j),(531-687j),(367-784j),(168-847j),(-23-860j),(-200-823j),(-368-786j),(-513-690j),(-650-565j),(-749-434j),(-816-289j),(-854-122j),(-854+34j),(-829+211j),0j,(-727+514j),(-587+616j),(-469+723j),(-323+789j),(-166+849j),(4+864j),(188+809j),(354+765j),(487+678j),(615+570j),(721+440j),(785+257j),(815+88j),(805-92j),(754-278j),(671-454j),(531-589j),(347-699j),(155-754j),(-72-769j),(-274-696j),(-491-563j),(-649-368j),(-733-119j),(-707+181j),(-558+469j),(-243+659j),(10246+5376j),(-11600-32640j),(128+0j),0j
38182b2eef40,1747748076.122009,0j,0j,0j,(-5120+5120j),(512+436j),(627+255j),(700+78j),(668-183j),(619-356j),(469-539j),(279-659j),(107-650j),(-77-696j),(-250-622j),(-342-589j),(-434-499j),(-536-499j),(-595-422j),(-682-284j),(-715-188j),(-707-31j),(-773+15j),(-709+144j),(-640+266j),(-587+356j),(-556+441j),(-424+533j),(-364+580j),(-189+609j),(-107+655j),(48+577j),(237+333j),0j,(-289+52j),(-289+52j),(-387+506j),(-270+573j),(-107+646j),(-2+676j),(71+657j),(239+627j),(252+568j),(421+532j),(454+546j),(513+404j),(543+353j),(616+260j),(663+161j),(708+47j),(699-58j),(623-208j),(568-342j),(441-393j),(329-430j),(224-544j),(76-603j),(-73-628j),(-253-534j),(-419-394j),(-503-232j),(10245+0j),(-10240-32640j),(128+0j),0j
38182b2eef40,1747748076.1370504,0j,0j,0j,(-5120+5120j),(-511-561j),(-729-235j),(-748+163j),(-637+450j),(-455+646j),(-232+759j),(6+794j),(240+756j),(438+697j),(579+546j),(681+425j),(768+281j),(819+133j),(834-15j),(827-164j),(793-318j),(723-450j),(659-567j),(531-682j),(412-741j),(324-815j),(190-835j),(61-847j),(-58-849j),(-172-846j),(-282-820j),(-394-764j),(-489-691j),0j,(-668-554j),(-726-444j),(-791-351j),(-817-246j),(-851-131j),(-871-7j),(-830+120j),(-805+239j),(-747+359j),(-716+454j),(-631+577j),(-504+649j),(-400+701j),(-263+748j),(-131+781j),(27+813j),(185+763j),(325+714j),(467+628j),(588+493j),(682+318j),(717+130j),(725-67j),(675-293j),(519-501j),(294-667j),(-66-721j),(10246+5376j),(-11600-32640j),(128+0j),0j
38182b2eef40,1747748076.1470828,0j,0j,0j,(-5120+5120j),(708+334j),(786-109j),(609-487j),(315-706j),(8-775j),(-262-737j),(-503-618j),(-685-401j),(-811-201j),(-811-201j),(-774+243j),(-705+426j),(-592+595j),(-431+729j),(-256+811j),(-68+864j),(127+848j),(315+819j),(479+720j),(618+594j),(721+473j),(794+317j),(846+162j),(857+5j),(856-151j),(818-306j),(738-446j),(640-559j),0j,(393-771j),(249-830j),(97-856j),(-64-853j),(-212-822j),(-379-786j),(-495-645j),(-628-561j),(-719-430j),(-797-286j),(-837-120j),(-835+56j),(-797+234j),(-702+379j),(-607+530j),(-455+651j),(-283+762j),(-88+776j),(114+770j),(335+695j),(500+550j),(638+356j),(729+149j),(727-113j),(609-385j),(395-606j),(30-707j),(10246+5376j),(-11600-32640j),(128+0j),0j
38182b2eef40,1747748076.1577528,0j,0j,0j,(-5120+5120j),(-531-547j),(-704-225j),(-760+113j),(-669+407j),(-484+613j),(-284+742j),(-56+795j),(141+784j),(340+733j),(479+634j),(598+534j),(701+425j),(781+305j),(825+149j),(857+15j),(847-119j),(822-258j),(777-390j),(710-497j),(627-593j),(542-678j),(452-738j),(348-790j),(247-833j),(149-856j),(45-861j),(-66-855j),(-179-823j),0j,(-384-797j),(-440-733j),(-540-663j),(-615-584j),(-688-503j),(-741-427j),(-778-321j),(-820-219j),(-831-103j),(-839+31j),(-829+126j),(-773+256j),(-726+368j),(-656+451j),(-572+540j),(-468+645j),(-319+721j),(-204+773j),(-38+748j),(135+796j),(292+660j),(492+570j),(703+527j),(670+342j),(721+7j),(679-265j),(458-523j),(10246+5376j),(-11600-32640j),(128+0j),0j
38182b2eef40,1747748076.167697,0j,0j,0j,(-5120+5120j),(734+56j),(542-540j),(-50-779j),(-562-549j),(-769-81j),(-669+397j),(-311+727j),(176+782j),(607+571j),(799+155j),(753-278j),(512-625j),(147-807j),(-269-788j),(-628-577j),(-843-201j),(-831+235j),(-620+600j),(-264+823j),(145+850j),(534+694j),(774+381j),(864-35j),(753-411j),(491-704j),(138-850j),(-263-819j),(-595-624j),0j,(-884+111j),(-697+477j),(-420+749j),(-49+858j),(328+788j),(664+560j),(807+152j),(799-229j),(604-560j),(309-767j),(-72-832j),(-453-669j),(-715-378j),(-793+19j),(-670+389j),(-395+706j),(3+804j),(404+690j),(690+356j),(761-51j),(600-446j),(90-676j),(-207-704j),(-610-511j),(-790-35j),(-587+492j),(1+715j),(10246+5376j),(-11600-32640j),(1152+0j),0j
